0,1,clusters,kmeans,mu_1.5_0,mu_1.5_1,cluster_hard_1.5,mu_1.8_0,mu_1.8_1,cluster_hard_1.8,mu_2.1_0,mu_2.1_1,cluster_hard_2.1,mu_2.4_0,mu_2.4_1,cluster_hard_2.4,mu_2.7_0,mu_2.7_1,cluster_hard_2.7,mu_3.0_0,mu_3.0_1,cluster_hard_3.0,st_p_0.4_const_ass,st_p_0.6_const_ass,st_p_0.8_const_ass,st_p_1_const_ass,st_p_0.4_thr_0.5,st_p_0.6_thr_0.5,st_p_0.8_thr_0.5,st_p_1_thr_0.5,fuz_1.5_entropy,fuz_1.5_gap,fuz_1.8_entropy,fuz_1.8_gap,fuz_2.1_entropy,fuz_2.1_gap,fuz_2.4_entropy,fuz_2.4_gap,fuz_2.7_entropy,fuz_2.7_gap,fuz_3.0_entropy,fuz_3.0_gap
1.879822163309712,4.8744884907912684,0,1,0.97295486899552,0.0270451310044798,0,0.9046412683328277,0.0953587316671725,0,0.163970840609838,0.8360291593901619,1,0.7804812903942611,0.2195187096057389,0,0.2623856874769904,0.7376143125230096,1,0.7045589715613211,0.2954410284386789,0,1.0,1.0,1.0,1.0,0.9802238805970149,0.9675373134328359,0.9509701492537314,0.9418939393939394,0.17934965414234652,0.9459097379910402,0.4541080357765509,0.8092825366656552,0.6437249980656302,0.6720583187803238,0.7592877066016261,0.5609625807885221,0.8303251109235422,0.47522862504601915,0.8756464446392489,0.40911794312264216
4.565915645607948,6.282716786165311,0,1,0.9160863355369028,0.0839136644630972,0,0.8173616337538533,0.1826383662461467,0,0.2524587242860595,0.7475412757139406,1,0.6998479504456866,0.3001520495543133,0,0.3337907704427062,0.6662092295572938,1,0.6415684809014162,0.3584315190985838,0,1.0,1.0,1.0,1.0,0.9802238805970149,0.9675373134328359,0.9509701492537314,0.9418939393939394,0.4158212925628673,0.8321726710738055,0.6858149161643726,0.6347232675077066,0.815151903294458,0.4950825514278811,0.8814766840446094,0.3996959008913733,0.9187525920815026,0.33241845911458756,0.9413735252564109,0.2831369618028324
1.1114674359963983,4.81364936508419,0,1,0.980766491275578,0.0192335087244221,0,0.9221342315936524,0.0778657684063475,0,0.1431090986295514,0.8568909013704487,1,0.8010631514119505,0.1989368485880495,0,0.2433818013434412,0.7566181986565588,1,0.721713778855566,0.278286221144434,0,1.0,1.0,1.0,1.0,0.9802238805970149,0.9675373134328359,0.9509701492537314,0.9418939393939394,0.1371150181831399,0.9615329825511559,0.39461408289184274,0.8442684631873049,0.5923237010149426,0.7137818027408973,0.7197966894404944,0.602126302823901,0.8006190119976441,0.5132363973131175,0.8531051445602762,0.44342755771113196
1.1617220169566966,4.121139705420459,0,1,0.9873431355701596,0.0126568644298404,0,0.9392324766360636,0.0607675233639365,0,0.1211755192847147,0.8788244807152852,1,0.8236390277973535,0.1763609722026463,0,0.2219586665610926,0.7780413334389074,1,0.7414249524841255,0.2585750475158744,0,1.0,1.0,1.0,1.0,0.9802238805970149,0.9675373134328359,0.9509701492537314,0.9418939393939394,0.09793201297583214,0.9746862711403192,0.33048419560691267,0.878464953272127,0.5327304463452347,0.7576489614305705,0.6720511475823364,0.6472780555947073,0.7637278779037688,0.5560826668778147,0.8245884779668885,0.48284990496825114
0.8017355552032801,5.687843962425132,0,1,0.9705442186410828,0.029455781358917,0,0.9000623510297556,0.0999376489702443,0,0.1690240125867272,0.8309759874132727,1,0.7756345336416355,0.2243654663583645,0,0.2668488800777951,0.7331511199222048,1,0.7004917487323012,0.2995082512676987,0,1.0,1.0,1.0,1.0,0.9802238805970149,0.9675373134328359,0.9509701492537314,0.9418939393939394,0.19165524322283034,0.9410884372821657,0.46879791433313445,0.8001247020595114,0.6554672556074425,0.6619519748265456,0.7680589821300297,0.551269067283271,0.8369065474980596,0.4663022398444097,0.8806889584067097,0.40098349746460255
-3.848235024087552,-2.7540874585826893,1,0,1.0518349674491412e-05,0.9999894816503254,1,0.0007532590946632,0.9992467409053368,1,0.9945989206968088,0.0054010793031913,0,0.0166357570403984,0.9833642429596016,1,0.9659175408117268,0.0340824591882731,0,0.0556399428313033,0.9443600571686968,1,1.0,1.0,1.0,1.0,0.9996666666666667,0.9977083333333333,0.9925833333333334,0.9813636363636364,0.00018911381903217894,0.999978963300651,0.008901050100605856,0.9984934818106737,0.048454856711785864,0.9891978413936174,0.12210972469118332,0.9667284859192031,0.21446906618928332,0.9318350816234536,0.3098882611452753,0.8887201143373935
-4.811821905436257,-3.081864623914605,1,0,0.0002374812462687,0.9997625187537312,1,0.0054622869978146,0.9945377130021852,1,0.9777276635426448,0.0222723364573551,0,0.0489526013320673,0.9510473986679328,1,0.9195808632090138,0.0804191367909862,0,0.1126487091314566,0.8873512908685435,1,1.0,1.0,1.0,1.0,0.9996666666666667,0.9977083333333333,0.9925833333333334,0.9813636363636364,0.003201822497763643,0.9995250375074626,0.04891492648894441,0.9890754260043706,0.1540156922512601,0.9554553270852898,0.2819309121142909,0.9020947973358655,0.40365432560618625,0.8391617264180276,0.5078539307109565,0.7747025817370868
-5.073952576393339,-2.2256468660952704,1,0,0.000807866287184,0.999192133712816,1,0.0115131986824157,0.9884868013175844,1,0.9621763872141328,0.0378236127858672,0,0.0731959801718896,0.9268040198281104,1,0.8895080589771409,0.1104919410228591,0,0.145790593562179,0.854209406437821,1,1.0,1.0,1.0,1.0,0.9996666666666667,0.9977083333333333,0.9925833333333334,0.9813636363636364,0.009464725507834604,0.998384267425632,0.09066558127455422,0.9769736026351686,0.2322229665959923,0.9243527744282656,0.37773879883314326,0.8536080396562209,0.5013980199346023,0.7790161179542818,0.5992052318882148,0.7084188128756419
-4.3382246974864085,-4.036138629402325,1,0,0.0016874069656618,0.9983125930343384,1,0.0181976373081954,0.9818023626918044,1,0.9476342875034924,0.0523657124965076,0,0.0937999283715122,0.9062000716284878,1,0.8653231863107314,0.1346768136892686,0,0.1716472266540024,0.8283527733459977,1,1.0,1.0,1.0,1.0,0.9996666666666667,0.9977083333333333,0.9925833333333334,0.9813636363636364,0.017975024186166026,0.9966251860686766,0.13119755676292513,0.9636047253836091,0.29636258152432127,0.8952685750069849,0.4490278840417802,0.8124001432569756,0.570126258910926,0.7306463726214627,0.661459099793089,0.6567055466919953
-4.44093525819002,-2.936978450260102,1,0,2.285013636231325e-05,0.9999771498636376,1,0.0012919759066163,0.9987080240933836,1,0.9920997457240028,0.0079002542759971,0,0.0220381571810776,0.9779618428189224,1,0.9575274643585496,0.0424725356414502,0,0.0667057632527544,0.9332942367472457,1,1.0,1.0,1.0,1.0,0.9996666666666667,0.9977083333333333,0.9925833333333334,0.9813636363636364,0.0003852559526821356,0.9999542997272753,0.014260788445098833,0.9974160481867672,0.06652698531856406,0.9841994914480058,0.15273616201376458,0.9559236856378448,0.25351603082751245,0.9150549287170995,0.3535081718806987,0.8665884734944913
-5.137380387988955,-3.9893819636843535,1,0,0.0026678460753765,0.9973321539246234,1,0.0241246321195393,0.9758753678804606,1,0.9362703091914047,0.0637296908085951,0,0.1085445039879521,0.8914554960120479,1,0.8491198652827165,0.1508801347172834,0,0.188110717044538,0.811889282955462,1,1.0,1.0,1.0,1.0,0.9996666666666667,0.9977083333333333,0.9925833333333334,0.9813636363636364,0.026654123956964912,0.9946643078492469,0.164011320887149,0.9517507357609213,0.34207583096141214,0.8725406183828096,0.4955100728393546,0.7829109920240958,0.6120384665725332,0.6982397305654331,0.6975024535508934,0.6237785659109241
-2.471195971010354,-2.6839445250065355,1,0,0.012944612940719,0.987055387059281,1,0.0613692540080568,0.9386307459919432,1,0.8784295658555491,0.1215704341444509,0,0.1760772390649707,0.8239227609350291,1,0.7791875583052599,0.2208124416947401,0,0.2565898913191098,0.7434101086808902,1,1.0,1.0,0.995,0.975,0.9996666666666667,0.9977083333333333,0.988125,0.9580578512396692,0.099735929314357,0.974110774118562,0.33285653564464873,0.8772614919838864,0.5338582458801091,0.7568591317110982,0.6714198724294231,0.6478455218700585,0.7616482253831437,0.5583751166105198,0.8215567483999267,0.4868202173617804
-3.766385256723792,-3.292541929219527,1,0,0.0002492195692066,0.9997507804307932,1,0.0055494619726666,0.9944505380273334,1,0.977372317220325,0.0226276827796749,0,0.0498421821305404,0.9501578178694594,1,0.9181016879242564,0.0818983120757435,0,0.1145706439079803,0.8854293560920196,1,1.0,1.0,1.0,1.0,0.9996666666666667,0.9977083333333333,0.9925833333333334,0.9813636363636364,0.0033427347958362957,0.9995015608615866,0.0495684652789235,0.9889010760546668,0.15595033890356366,0.9547446344406502,0.2857261796293086,0.900315635738919,0.40883294399049075,0.8362033758485129,0.5135503019440216,0.7708587121840392
-2.244223890321725,-3.314529565521344,1,0,0.0181154257555754,0.9818845742444244,1,0.0751509513907965,0.9248490486092036,1,0.860606196683302,0.139393803316698,0,0.1945285438746524,0.8054714561253475,1,0.7615450317703695,0.2384549682296304,0,0.2729830580648731,0.7270169419351269,1,1.0,1.0,0.995,0.99,0.9996666666666667,0.9977083333333333,0.9876249999999999,0.9717768595041323,0.13072427030202763,0.9637691484888491,0.38485842927884567,0.8496980972184071,0.5826490328849919,0.7212123933666039,0.7108492777694749,0.6109429122506951,0.7924614912018044,0.5230900635407391,0.8457126445691134,0.4540338838702538
-5.216688863400398,-0.8083214411130699,1,0,0.0257427137646206,0.9742572862353792,1,0.092828131520553,0.907171868479447,1,0.839348165347906,0.1606518346520939,0,0.2154797568274373,0.7845202431725626,1,0.742257945023175,0.257742054976825,0,0.2903510945661267,0.7096489054338734,1,1.0,1.0,1.0,0.985,0.9996666666666667,0.9977083333333333,0.9925833333333334,0.9672314049586778,0.1725703030760487,0.9485145724707587,0.4458399593815509,0.814343736958894,0.6358666720863413,0.6786963306958121,0.751827352969481,0.5690404863451253,0.8233199519128236,0.48451589004635,0.8691743466530393,0.4192978108677467
-3.0245644113197585,-1.2117917834738805,1,0,0.0444214812687773,0.9555785187312228,1,0.1256100960001788,0.8743899039998212,1,0.8028444285829941,0.1971555714170058,0,0.2514240101077675,0.7485759898922325,1,0.7083286071564099,0.29167139284359,0,0.3218833078007536,0.6781166921992464,1,0.995,0.965,0.885,0.85,0.9947083333333333,0.9631666666666666,0.8812083333333334,0.8384710743801653,0.2622095695584369,0.9111570374624455,0.5452747477825229,0.7487798079996424,0.7162026303936331,0.6056888571659883,0.8135273355760797,0.497151979784465,0.8708705191709966,0.4166572143128199,0.9064177392749293,0.35623338439849284
-4.154746693721148,-2.980899482050849,1,0,1.132156873370569e-05,0.9999886784312664,1,0.0008307986889105,0.9991692013110895,1,0.994227190268372,0.0057728097316278,0,0.0173875971132537,0.9826124028867462,1,0.964754966851668,0.0352450331483321,0,0.0573306180614929,0.9426693819385072,1,1.0,1.0,1.0,1.0,0.9996666666666667,0.9977083333333333,0.9925833333333334,0.9813636363636364,0.00020235326482079093,0.9999773568625326,0.009699831423866292,0.9983384026221791,0.05123387924381904,0.9884543805367443,0.1265100148716332,0.9652248057734926,0.2200489557191708,0.9295099337033359,0.31675604061001467,0.8853387638770144
-3.190629945390388,-4.229738153457103,1,0,0.0060840332464007,0.9939159667535992,1,0.0394772410313472,0.9605227589686528,1,0.910222292464727,0.0897777075352731,0,0.1404051690917632,0.8595948309082369,1,0.8152055015600034,0.1847944984399966,0,0.2219083584683737,0.7780916415316262,1,1.0,1.0,1.0,1.0,0.9996666666666667,0.9977083333333333,0.9925833333333334,0.9813636363636364,0.053533734995363055,0.9878319335071984,0.23989020370604636,0.9210455179373056,0.4357273982477137,0.8204445849294538,0.5852989302145073,0.7191896618164737,0.6904540450241932,0.6304110031200068,0.7636368320325575,0.5561832830632525
-3.343273108901627,-1.041434741982675,1,0,0.0393773652448254,0.9606226347551744,1,0.1173675655081947,0.8826324344918053,1,0.8116107407162658,0.1883892592837341,0,0.2430810940865146,0.7569189059134854,1,0.7160139099166982,0.2839860900833017,0,0.3148602256901343,0.6851397743098657,1,0.99,0.99,0.92,0.87,0.98975,0.9878750000000002,0.9149166666666667,0.8585537190082646,0.2394301130863627,0.921245269510349,0.521746374840995,0.7652648689836106,0.6980897280668881,0.6232214814325318,0.8001265971129614,0.5138378118269709,0.8608254487283821,0.4320278198333965,0.898704319363792,0.37027954861973145
-4.99362089439052,-2.5127807232486576,1,0,0.0003735526870123,0.9996264473129876,1,0.007176371550214,0.992823628449786,1,0.972974514585054,0.027025485414946,0,0.0566733618090746,0.9433266381909254,1,0.9097863604691891,0.0902136395308108,0,0.1235627718658519,0.876437228134148,1,1.0,1.0,1.0,1.0,0.9996666666666667,0.9977083333333333,0.9925833333333334,0.9813636363636364,0.004792242490143556,0.9992528946259752,0.061429996329422726,0.985647256899572,0.17924809684140253,0.945949029170108,0.3140953499801971,0.8866532763818509,0.4371825162530493,0.8195727209383783,0.5395159655403502,0.7528744562682961
-4.145602471571558,-2.470498304364148,1,0,7.241689284868346e-07,0.9999992758310716,1,0.0001338650778006,0.9998661349221994,1,0.998487927925673,0.001512072074327,0,0.0060486894630547,0.9939513105369452,1,0.9853188832338472,0.014681116766153,0,0.0270028569374275,0.9729971430625723,1,1.0,1.0,1.0,0.995,0.9996666666666667,0.9977083333333333,0.9925833333333334,0.9766528925619834,1.5815748681395796e-05,0.9999985516621431,0.0019155465055364239,0.9997322698443989,0.016346801222307077,0.996975855851346,0.05327373989310648,0.9879026210738905,0.11043058395771357,0.9706377664676942,0.17913109334513566,0.9459942861251448
-2.22347739141468,-3.773636001475097,1,0,0.019932117955975,0.980067882044025,1,0.0796679183986425,0.9203320816013576,1,0.8550511570465067,0.1449488429534932,0,0.2000666741891924,0.7999333258108074,1,0.7563964683587285,0.2436035316412714,0,0.2776680514714724,0.7223319485285274,1,1.0,1.0,1.0,0.995,0.9996666666666667,0.9977083333333333,0.9925833333333334,0.9767355371900827,0.14105923478059765,0.9601357640880499,0.4010079979067749,0.8406641632027151,0.5970540745557782,0.7101023140930135,0.7220614232225788,0.599866651621615,0.8009816465317963,0.5127929367174571,0.8522538763634562,0.44466389705705506
-4.765580578807063,-1.377695544625418,1,0,0.0051680531888674,0.9948319468111326,1,0.035584183966538,0.964415816033462,1,0.9165143017070592,0.0834856982929406,0,0.1328758531710024,0.8671241468289976,1,0.8232347834833696,0.1767652165166303,0,0.2137642688969491,0.7862357311030509,1,1.0,1.0,1.0,0.975,0.9996666666666667,0.9977083333333333,0.9925833333333334,0.9578099173553719,0.046694001429833,0.9896638936222653,0.2216658565548491,0.9288316320669241,0.4143437273587253,0.8330286034141186,0.5652728012164325,0.7342482936579953,0.6729491660548045,0.6464695669667393,0.7486166583484399,0.5724714622061018
-2.825522899910058,-2.0641480251944566,1,0,0.0100870056881377,0.9899129943118624,1,0.0526723508849945,0.9473276491150056,1,0.8904140770655182,0.1095859229344816,0,0.1632199838648876,0.8367800161351123,1,0.7917682827403555,0.2082317172596444,0,0.2447006850080699,0.7552993149919301,1,1.0,0.995,0.98,0.96,0.9996666666666667,0.9927499999999999,0.9731666666666666,0.9433471074380166,0.08136937762924044,0.9798259886237247,0.2976422407950587,0.8946552982300111,0.4986657120149949,0.7808281541310367,0.6419574288014206,0.6735600322702248,0.7380891084748248,0.5835365654807111,0.8027703540802649,0.5105986299838603
-3.902879654976984,-2.165430915822534,1,0,0.0001064922059391,0.9998935077940608,1,0.0031520948732772,0.9968479051267228,1,0.984964532131154,0.0150354678688458,0,0.0363816845931344,0.9636183154068656,1,0.9365331942169682,0.0634668057830317,0,0.0924349720627436,0.9075650279372564,1,1.0,1.0,1.0,1.0,0.9996666666666667,0.9977083333333333,0.9925833333333334,0.9813636363636364,0.0015590014587177586,0.9997870155881218,0.030732585274195104,0.9936958102534457,0.11257477141946468,0.9699290642623082,0.22544896301345685,0.9272366308137312,0.3410558187336214,0.8730663884339366,0.44454563363484734,0.8151300558745127
-3.393288672926,-2.4721778249730697,1,0,0.0004952569486307,0.9995047430513692,1,0.0082929886001024,0.9917070113998976,1,0.9698727679153042,0.0301272320846958,0,0.0620751853825808,0.9379248146174192,1,0.9025434656009692,0.0974565343990308,0,0.1318729237509965,0.8681270762490035,1,1.0,1.0,1.0,0.985,0.9996666666666667,0.9977083333333333,0.9925833333333334,0.9667355371900826,0.006152018862031102,0.9990094861027384,0.06925133510040425,0.9834140227997952,0.1950295196863256,0.9397455358306084,0.3356281359317239,0.8758496292348383,0.460880751916762,0.8050869312019384,0.5625524033135978,0.7362541524980071
-4.653727549244158,-2.0477782518009064,1,0,0.0003697996809147,0.9996302003190852,1,0.0070365038618618,0.9929634961381382,1,0.9733571410454576,0.0266428589545426,0,0.0560936431280385,0.9439063568719614,1,0.9105538510551412,0.0894461489448587,0,0.1225639693919407,0.8774360306080593,1,1.0,1.0,1.0,0.995,0.9996666666666667,0.9977083333333333,0.9925833333333334,0.976404958677686,0.004749483981465332,0.9992604006381706,0.06043324435494512,0.9859269922762763,0.1772658795769763,0.946714282090915,0.3117388735604699,0.8878127137439229,0.43461842767122133,0.8211077021102825,0.5366862831605453,0.7548720612161186
-4.459629801145512,-2.0057981612741846,1,0,0.0002796281867874,0.9997203718132126,1,0.0058786283281199,0.99412137167188,1,0.976564121633809,0.0234358783661909,0,0.0508904005895712,0.9491095994104288,1,0.917215321401228,0.0827846785987721,0,0.1149875928025726,0.8850124071974274,1,1.0,1.0,1.0,0.99,0.9996666666666667,0.9977083333333333,0.9925833333333334,0.9721074380165289,0.0037041495524043544,0.9994407436264252,0.05201851764813368,0.98824274334376,0.16032000009073796,0.9531282432676181,0.2901673415140766,0.8982191988208577,0.4119159684946705,0.8344306428024558,0.5147791245806246,0.7700248143948547
-3.509297975040943,-2.5238998141013544,1,0,0.0002267798068685,0.9997732201931316,1,0.0050935412437448,0.9949064587562552,1,0.9787102097081118,0.0212897902918882,0,0.0476710639400451,0.9523289360599548,1,0.9209621704503071,0.0790378295496927,0,0.1110821570648914,0.8889178429351086,1,1.0,1.0,1.0,1.0,0.9996666666666667,0.9977083333333333,0.9925833333333334,0.9813636363636364,0.0030726286325717107,0.9995464403862632,0.046127770798555165,0.9898129175125103,0.1486223652969127,0.9574204194162237,0.276420195422994,0.9046578721199098,0.39877981617532954,0.8419243409006144,0.5031714665107226,0.7778356858702171
-4.169076656326276,-1.483829275414695,1,0,0.0031535096209338,0.996846490379066,1,0.0261564274420241,0.973843572557976,1,0.932533159094926,0.0674668409050739,0,0.1135151577753973,0.8864848422246027,1,0.8436156451509175,0.1563843548490826,0,0.1935722096756003,0.8064277903243997,1,1.0,0.995,0.985,0.955,0.9996666666666667,0.9927499999999999,0.9777916666666667,0.9384710743801653,0.030744334178949253,0.9936929807581323,0.1747341204172859,0.947687145115952,0.3563984869480691,0.865066318189852,0.5104285272745176,0.7729696844492053,0.6255891863693184,0.6872312903018348,0.7088847188638607,0.6128555806487994
-3.671998947258525,-4.027455517844675,1,0,0.0023849669141002,0.9976150330858996,1,0.0223952234358769,0.9776047765641231,1,0.9394058568998926,0.0605941431001073,0,0.1047578354565729,0.895242164543427,1,0.8530243744382805,0.1469756255617195,0,0.1843276579719481,0.8156723420280518,1,1.0,1.0,1.0,1.0,0.9996666666666667,0.9977083333333333,0.9925833333333334,0.9813636363636364,0.024214064211734974,0.9952300661717994,0.15468567752356616,0.9552095531282463,0.32979894424658274,0.8788117137997853,0.48389863798929705,0.7904843290868541,0.6022197677770522,0.706048748876561,0.6894533823558162,0.6313446840561037
-3.2777068358334565,-1.81636406546322,1,0,0.0047267832680947,0.9952732167319052,1,0.033278458135041,0.966721541864959,1,0.9201129080731918,0.0798870919268081,0,0.1290974475506897,0.8709025524493104,1,0.8266851289414245,0.1733148710585754,0,0.210726896238212,0.7892731037617879,1,1.0,0.995,0.995,0.965,0.9996666666666667,0.9928333333333332,0.9877083333333333,0.9485537190082645,0.04331721355675492,0.9905464334638104,0.2105756501968639,0.9334430837299179,0.40178122661007143,0.8402258161463837,0.5549577257658636,0.7418051048986207,0.6652319115726231,0.6533702578828491,0.7428698799377963,0.5785462075235759
-4.433896488560476,-3.85301715220623,1,0,0.0011016332815309,0.9988983667184692,1,0.0140205027023554,0.9859794972976444,1,0.9564122072618244,0.0435877927381754,0,0.0816937496797401,0.9183062503202598,1,0.8791971383295496,0.1208028616704503,0,0.1571357049508041,0.8428642950491958,1,1.0,1.0,1.0,1.0,0.9996666666666667,0.9977083333333333,0.9925833333333334,0.9813636363636364,0.012413248234042624,0.9977967334369383,0.10639951853583152,0.971958994595289,0.25850691061314485,0.912824414523649,0.4081192846439157,0.8366125006405197,0.5316642716782287,0.7583942766590993,0.6274130037133887,0.6857285900983917
-5.454467754643368,-3.291289905492292,1,0,0.0018659979866007,0.9981340020133992,1,0.0193966958022997,0.9806033041977004,1,0.9453172872804854,0.0546827127195145,0,0.0967130454449075,0.9032869545550926,1,0.8622587884208275,0.1377412115791726,0,0.1746275480695631,0.8253724519304368,1,1.0,1.0,1.0,1.0,0.9996666666666667,0.9977083333333333,0.9925833333333334,0.9813636363636364,0.019606386098576654,0.9962680040267985,0.13803963497987382,0.9612066083954006,0.30596519044763176,0.8906345745609708,0.4584887421495525,0.8065739091101851,0.578292541492573,0.7245175768416549,0.6681819520029528,0.6507449038608737
-3.855870634718351,-2.693499541458725,1,0,7.854248104458024e-06,0.9999921457518955,1,0.0006211855851374,0.9993788144148624,1,0.9953013576643354,0.0046986423356644,0,0.0149408595340628,0.9850591404659372,1,0.9687596593420076,0.0312403406579924,0,0.0517118198128589,0.948288180187141,1,1.0,1.0,1.0,1.0,0.9996666666666667,0.9977083333333333,0.9925833333333334,0.9813636363636364,0.00014452432603976974,0.9999842915037911,0.007513199200947699,0.9987576288297251,0.04309989763787012,0.990602715328671,0.1120035028396852,0.9701182809318745,0.20057446780987603,0.9375193186840152,0.29362461589999456,0.8965763603742821
-4.54550102901795,-3.258004399919576,1,0,0.00017514354132,0.99982485645868,1,0.0045268410674859,0.995473158932514,1,0.9805028811591296,0.0194971188408702,0,0.0442788770163959,0.955721122983604,1,0.9256629534745768,0.0743370465254232,0,0.1057236235964854,0.8942763764035144,1,1.0,1.0,1.0,1.0,0.9996666666666667,0.9977083333333333,0.9925833333333334,0.9813636363636364,0.0024383034175933993,0.99964971291736,0.04176782396447708,0.9909463178650281,0.13860762615020833,0.9610057623182594,0.26157790817931553,0.9114422459672081,0.38190409297245925,0.8513259069491537,0.48688080964119634,0.7885527528070291
-5.593084989880514,-1.8698538522987844,1,0,0.0049291077710192,0.9950708922289808,1,0.0348468230943718,0.9651531769056282,1,0.9177703238051476,0.0822296761948523,0,0.1312042150478838,0.8687957849521162,1,0.8251195392865939,0.1748804607134061,0,0.2118511911849873,0.7881488088150127,1,1.0,1.0,1.0,0.99,0.9996666666666667,0.9977083333333333,0.9925833333333334,0.9716115702479339,0.04487258283861024,0.9901417844579616,0.2181442575818161,0.9303063538112564,0.40998727517949257,0.8355406476102952,0.5607315246200562,0.7375915699042324,0.6687483495751342,0.6502390785731877,0.7450063554819033,0.5762976176300254
-4.136929407296763,-2.395466236670359,1,0,3.467938079125917e-06,0.9999965320619209,1,0.0003638927024259,0.999636107297574,1,0.996862138336034,0.0031378616639659,0,0.0107344704294177,0.9892655295705824,1,0.9764671700249716,0.0235328299750284,0,0.0402979266727605,0.9597020733272392,1,1.0,1.0,1.0,1.0,0.9996666666666667,0.9977083333333333,0.9925833333333334,0.9813636363636364,6.790285923086175e-05,0.9999930641238417,0.004682073405241594,0.9992722145951481,0.030614333051651583,0.9937242766720681,0.08562381544062249,0.9785310591411648,0.16084139346803353,0.9529343400499433,0.2436565082840831,0.9194041466544787
-2.802016379366458,-3.522593352599971,1,0,0.0057163053565665,0.9942836946434336,1,0.0378231983381178,0.962176801661882,1,0.9127719211512114,0.0872280788487884,0,0.1376083769058385,0.8623916230941616,1,0.8179296635745258,0.1820703364254741,0,0.2193520821080375,0.7806479178919624,1,1.0,1.0,1.0,1.0,0.9996666666666667,0.9977083333333333,0.9925833333333334,0.9813636363636364,0.05081375323684809,0.988567389286867,0.23222103155995205,0.9243536033237643,0.4271491955420107,0.8255438423024231,0.5779409324090926,0.7247832461883231,0.6845852840209572,0.6358593271490517,0.7589826580061521,0.561295835783925
-4.888965029370802,-2.142704265895621,1,0,0.0005471141634028,0.9994528858365972,1,0.0090221010345459,0.990977898965454,1,0.9681931763318335,0.0318068236681663,0,0.0641774247066284,0.9358225752933717,1,0.9004501536426711,0.0995498463573288,0,0.1338459779833236,0.8661540220166765,1,1.0,1.0,1.0,1.0,0.9996666666666667,0.9977083333333333,0.9925833333333334,0.9813636363636364,0.0067175611343032815,0.9989057716731944,0.07423825146744294,0.981955797930908,0.20337359230989815,0.9363863526636672,0.343809226712123,0.8716451505867433,0.4675670139883777,0.8009003072853423,0.5678922337606563,0.7323080440333529
-4.888294129318939,-3.438143558900649,1,0,0.0006735317448337,0.9993264682551662,1,0.0103838243364282,0.9896161756635716,1,0.964785005497175,0.0352149945028249,0,0.0694364560829529,0.930563543917047,1,0.8938359621275385,0.1061640378724615,0,0.1413732136386196,0.8586267863613803,1,1.0,1.0,1.0,1.0,0.9996666666666667,0.9977083333333333,0.9925833333333334,0.9813636363636364,0.008067681452744368,0.9986529365103325,0.08332704338141181,0.9792323513271435,0.21990551193126223,0.9295700109943501,0.3638170877493769,0.8611270878340941,0.4882359938392238,0.7876719242550769,0.5878238673002885,0.7172535727227607
-2.535978209482701,-1.4457971694827711,1,0,0.0684173788147227,0.9315826211852772,1,0.160424719817248,0.839575280182752,1,0.7679495066135512,0.2320504933864488,0,0.2833868896398129,0.716613110360187,1,0.6796741791072055,0.3203258208927944,0,0.3475480641439489,0.652451935856051,1,0.99,0.93,0.89,0.845,0.98975,0.9287916666666667,0.8852500000000002,0.8342561983471073,0.3599896698741658,0.8631652423705545,0.6353246517817028,0.6791505603655039,0.78156868405882,0.5358990132271024,0.8600247408113935,0.43322622072037414,0.9047354239789679,0.35934835821441113,0.9318591855102778,0.3049038717121021
-3.7579895872050377,-2.4569333693568,1,0,4.044544478154169e-05,0.9999595545552186,1,0.0017145087080764,0.9982854912919236,1,0.9902634303842294,0.0097365696157707,0,0.0261469394199162,0.9738530605800836,1,0.9511510554505664,0.0488489445494334,0,0.0746257003608442,0.925374299639156,1,1.0,1.0,0.995,0.99,0.9996666666666667,0.9977083333333333,0.987875,0.9718595041322314,0.0006485964607621605,0.999919109110437,0.018224278805796062,0.9965709825838471,0.07904166099532553,0.9805268607684586,0.17468460507360226,0.9477061211601674,0.2814870882930279,0.902302110901133,0.3829534395339119,0.8507485992783117
-3.947649733616562,-2.4062910134701254,1,0,9.61737248950771e-06,0.9999903826275106,1,0.0006864864435264,0.9993135135564736,1,0.9949890708553946,0.0050109291446054,0,0.0155947982312716,0.9844052017687284,1,0.9679069525006936,0.0320930474993064,0,0.0524742038929634,0.9475257961070366,1,1.0,1.0,1.0,1.0,0.9996666666666667,0.9977083333333333,0.9925833333333334,0.9813636363636364,0.00017415728202700159,0.9999807652550211,0.008203980412783831,0.9986270271129472,0.04549813679918608,0.9899781417107891,0.11593450807004888,0.9688104035374567,0.20478215747205222,0.9358139050013872,0.29681564810116634,0.8950515922140732
-5.924123173398481,-1.9609761193506656,1,0,0.007331170188724,0.9926688298112758,1,0.0443378053829548,0.9556621946170452,1,0.9029107515764128,0.0970892484235873,0,0.148411418745435,0.851588581254565,1,0.8074567982846349,0.192543201715365,0,0.2290471299312144,0.7709528700687855,1,1.0,1.0,1.0,1.0,0.9996666666666667,0.9977083333333333,0.9925833333333334,0.9813636363636364,0.0625285368438452,0.9853376596225518,0.2618390135906113,0.9113243892340903,0.45970022828667734,0.8058215031528255,0.6058505603109546,0.7031771625091301,0.7067614278452913,0.6149135965692699,0.7763465351985726,0.5419057401375711
-3.2679874032669,-3.2666743125825266,1,0,0.0012126310753471,0.9987873689246528,1,0.014658840875871,0.985341159124129,1,0.954929368842638,0.045070631157362,0,0.0840656919593432,0.9159343080406568,1,0.876192881525119,0.1238071184748809,0,0.1604296723922435,0.8395703276077564,1,1.0,1.0,1.0,1.0,0.9996666666666667,0.9977083333333333,0.9925833333333334,0.9813636363636364,0.01349593334283136,0.9975747378493057,0.11029537668906532,0.970682318248258,0.2650762573331058,0.909858737685276,0.41634534352048164,0.8318686160813136,0.5402061909464798,0.7523857630502381,0.635336477226789,0.6791406552155129
-3.5051729700309364,-4.446464854460188,1,0,0.0057579173476801,0.9942420826523198,1,0.038257536334823,0.961742463665177,1,0.9121652130085872,0.0878347869914126,0,0.1380801229250421,0.8619198770749578,1,0.8176578510915965,0.1823421489084035,0,0.2194790189240361,0.7805209810759639,1,1.0,1.0,1.0,1.0,0.9996666666666667,0.9977083333333333,0.9925833333333334,0.9813636363636364,0.05112322836386019,0.9884841653046398,0.23424521214916774,0.923484927330354,0.42920102461841575,0.8243304260171747,0.57918865822795,0.7238397541499156,0.6851740746504765,0.635315702183193,0.7592150652216975,0.5610419621519278
-4.773020280119188,-3.011169635602722,1,0,0.0001725618903025,0.9998274381096974,1,0.0044848485876258,0.9955151514123742,1,0.9806634318287468,0.0193365681712531,0,0.0439210079873451,0.9560789920126548,1,0.9262495190595292,0.0737504809404708,0,0.104926719447536,0.8950732805524639,1,1.0,1.0,1.0,1.0,0.9996666666666667,0.9977083333333333,0.9925833333333334,0.9813636363636364,0.00240605960531243,0.999654876219395,0.041440808509125494,0.9910303028247485,0.1376991881571644,0.9613268636574938,0.2599896800396619,0.9121579840253097,0.37976635609365444,0.8524990381190585,0.484421151792574,0.790146561104928
-4.420960191620697,-4.00625006326834,1,0,0.0015980202910305,0.9984019797089694,1,0.0176084911847926,0.9823915088152074,1,0.9488346427772965,0.0511653572227033,0,0.0921672792545778,0.9078327207454222,1,0.8671804892722167,0.1328195107277833,0,0.169713964664237,0.830286035335763,1,1.0,1.0,1.0,1.0,0.9996666666666667,0.9977083333333333,0.9925833333333334,0.9813636363636364,0.01714842006991427,0.9968039594179389,0.12779367544508996,0.9647830176304149,0.2913268363486033,0.8976692855545931,0.4436628378657941,0.8156654414908444,0.5651203096960216,0.7343609785444334,0.6570500325464154,0.6605720706715259
-5.151958017912146,-2.9441620226318506,1,0,0.0006541814589213,0.9993458185410788,1,0.0101856323550658,0.989814367644934,1,0.9652991974420844,0.0347008025579156,0,0.0685893453078576,0.9314106546921422,1,0.8949673181146177,0.1050326818853823,0,0.1400273322371709,0.859972667762829,1,1.0,1.0,1.0,1.0,0.9996666666666667,0.9977083333333333,0.9925833333333334,0.9813636363636364,0.007863421116553634,0.9986916370821576,0.0820212633867488,0.9796287352898683,0.2174441190512277,0.9305983948841687,0.3606371760395908,0.8628213093842847,0.48474876752546486,0.7899346362292354,0.5843103878291127,0.7199453355256581
-4.922919042314708,-3.828508419822209,1,0,0.0015953174872736,0.9984046825127264,1,0.0176212725733888,0.9823787274266113,1,0.9488414348791696,0.0511585651208301,0,0.092075881305434,0.9079241186945658,1,0.8673714425044674,0.1326285574955325,0,0.169445770883584,0.830554229116416,1,1.0,1.0,1.0,1.0,0.9996666666666667,0.9977083333333333,0.9925833333333334,0.9813636363636364,0.0171233153098044,0.9968093650254528,0.12786782567449012,0.9647574548532225,0.29129822109859344,0.8976828697583396,0.44336114346283784,0.8158482373891318,0.564603196578655,0.7347428850089349,0.6564353654806516,0.6611084582328319
-5.785497213541061,-2.249855066114796,1,0,0.0043312897110516,0.9956687102889482,1,0.0322898952292188,0.9677101047707812,1,0.922005431295694,0.0779945687043061,0,0.1261077576293561,0.873892242370644,1,0.8304724829698763,0.1695275170301237,0,0.2065805054665576,0.7934194945334423,1,1.0,1.0,1.0,1.0,0.9996666666666667,0.9977083333333333,0.9925833333333334,0.9813636363636364,0.04024007993066911,0.9913374205778966,0.2057486746043013,0.9354202095415625,0.3950732073108418,0.8440108625913879,0.546666239309436,0.7477844847412879,0.6566227956444315,0.6609449659397526,0.7348954551834413,0.5868389890668847
-3.5660780209217418,-3.8477906891815072,1,0,0.0018899547304957,0.9981100452695044,1,0.0193976487420595,0.9806023512579404,1,0.945183383170674,0.0548166168293259,0,0.0972265819365431,0.9027734180634568,1,0.8613347205049049,0.1386652794950951,0,0.1758509188599699,0.82414908114003,1,1.0,1.0,1.0,1.0,0.9996666666666667,0.9977083333333333,0.9925833333333334,0.9813636363636364,0.019823288140496012,0.9962200905390087,0.1380450283813141,0.9612047025158809,0.30651550618078033,0.890366766341348,0.4601419025257825,0.8055468361269137,0.5807325971481888,0.7226694410098098,0.6709157608359042,0.6482981622800601
-4.380699992786861,-1.5520973875528263,1,0,0.0023059570535974,0.9976940429464026,1,0.0216464014418838,0.9783535985581164,1,0.940916394107764,0.0590836058922358,0,0.1027004232982943,0.8972995767017057,1,0.855517323491422,0.144482676508578,0,0.1814409052097833,0.8185590947902167,1,1.0,1.0,1.0,0.995,0.9996666666666667,0.9977083333333333,0.9925833333333334,0.976404958677686,0.023524103286584296,0.9953880858928053,0.15058742443982712,0.9567071971162326,0.3237963847297505,0.8818327882155281,0.47749774679564616,0.7945991534034114,0.5958592048723702,0.7110346469828439,0.6832190831158995,0.6371181895804334
-2.714823782353364,-2.559017223353578,1,0,0.0071116343215615,0.9928883656784384,1,0.0428187769982182,0.957181223001782,1,0.9049314008575682,0.0950685991424317,0,0.1468809461550767,0.8531190538449231,1,0.8082554527784589,0.191744547221541,0,0.2288425811055927,0.7711574188944073,1,1.0,0.995,0.99,0.96,0.9996666666666667,0.9927499999999999,0.9833333333333335,0.9443388429752068,0.060969150582237924,0.9857767313568769,0.2550701650213426,0.9143624460035638,0.4531655875216277,0.8098628017151365,0.6019795135857928,0.7062381076898464,0.7051066857154321,0.6165109055569179,0.7759881996236454,0.5423148377888145
-3.090324741264461,-1.877295601141056,1,0,0.0069327487784438,0.993067251221556,1,0.0419918367017041,0.958008163298296,1,0.9061898433736908,0.0938101566263091,0,0.145484132238763,0.854515867761237,1,0.8096706575935648,0.1903293424064351,0,0.2274359977471629,0.7725640022528371,1,1.0,1.0,0.98,0.96,0.9996666666666667,0.9977083333333333,0.9730833333333334,0.9432644628099174,0.05969123960877258,0.9861345024431122,0.25135131424628715,0.9160163265965918,0.44906135175148365,0.8123796867473817,0.5984229990773993,0.709031735522474,0.7021599104974402,0.6193413151871298,0.7735148245059378,0.5451280045056741
-4.093245520919016,-2.606867461918569,1,0,1.1550249113477236e-08,0.9999999884497508,1,8.317009554438551e-06,0.9999916829904456,1,0.9997914305226284,0.0002085694773715,0,0.0013501038463159,0.998649896153684,1,0.9955737369587804,0.0044262630412195,0,0.0099263229153572,0.9900736770846428,1,1.0,1.0,1.0,1.0,0.9996666666666667,0.9977083333333333,0.9925833333333334,0.9813636363636364,3.2121180449215334e-07,0.9999999768995017,0.0001523525809983349,0.9999833659808912,0.0028510882124220117,0.999582861045257,0.014816626379517125,0.9972997923073681,0.04098362173341207,0.9911474739175609,0.08030430773383239,0.9801473541692856
-2.9485026716470104,-3.4061930040277435,1,0,0.003639364709416,0.996360635290584,1,0.0287470849255451,0.9712529150744548,1,0.9278394359801536,0.0721605640198464,0,0.1195451893534816,0.8804548106465182,1,0.8368564734321421,0.163143526567858,0,0.2006927738145827,0.7993072261854173,1,1.0,1.0,1.0,1.0,0.9996666666666667,0.9977083333333333,0.9925833333333334,0.9813636363636364,0.034727415834413175,0.9927212705811681,0.1880691017178405,0.9425058301489097,0.37393521203303326,0.8556788719603072,0.5280521115828176,0.7609096212930366,0.641777109270089,0.6737129468642841,0.7233114806318419,0.5986144523708345
-3.839480840861563,-3.5814378066381254,1,0,0.0006094173881554,0.9993905826118448,1,0.0096838494870417,0.9903161505129584,1,0.9664016194446822,0.0335983805553177,0,0.0672344079648983,0.9327655920351016,1,0.8962659081436867,0.1037340918563133,0,0.1389062607544267,0.8610937392455733,1,1.0,1.0,1.0,1.0,0.9996666666666667,0.9977083333333333,0.9925833333333334,0.9813636363636364,0.007387684873199847,0.9987811652236893,0.07868990142043293,0.9806323010259167,0.21212832602884463,0.9328032388893644,0.35551720065160297,0.8655311840702032,0.4807218419898691,0.7925318162873733,0.5813672243502152,0.7221874784911466
-3.755100342993588,-2.3222664583370185,1,0,8.316880204142603e-05,0.9999168311979584,1,0.0026952064038007,0.9973047935961992,1,0.9865350607914314,0.0134649392085684,0,0.0335096733532805,0.9664903266467196,1,0.9404624872387236,0.0595375127612763,0,0.0878047423770371,0.9121952576229628,1,1.0,1.0,0.995,0.985,0.9996666666666667,0.9977083333333333,0.9877916666666666,0.9670661157024794,0.0012472187365461433,0.999833662395917,0.026887750035265154,0.9946095871923984,0.10297429031914189,0.973070121582863,0.2116982618325664,0.9329806532934392,0.3256062753380568,0.8809249744774473,0.42909957292867257,0.8243905152459258
-5.060852773229746,-2.69380187733352,1,0,0.0004383345292583,0.9995616654707415,1,0.0079420917096597,0.9920579082903402,1,0.9709387594002704,0.0290612405997295,0,0.0599134674470135,0.9400865325529864,1,0.9056808269508192,0.0943191730491806,0,0.1281969109812071,0.8718030890187928,1,1.0,1.0,1.0,1.0,0.9996666666666667,0.9977083333333333,0.9925833333333334,0.9813636363636364,0.0055221641939488504,0.9991233309414832,0.06681853359762127,0.9841158165806806,0.18966195630683944,0.9418775188005409,0.32710132143701387,0.8801730651059728,0.4507246570975497,0.8113616539016386,0.5524723888681576,0.7436061780375857
-5.054730777145704,-4.274914046984342,1,0,0.003757887705518,0.996242112294482,1,0.0297000287785207,0.9702999712214792,1,0.9263433369496324,0.0736566630503676,0,0.120950068679449,0.8790499313205511,1,0.8357667469352019,0.1642332530647981,0,0.2015091847774596,0.7984908152225403,1,1.0,1.0,1.0,1.0,0.9996666666666667,0.9977083333333333,0.9925833333333334,0.9813636363636364,0.03568431250333316,0.992484224588964,0.1928852792646234,0.9405999424429584,0.37942376434390956,0.8526866738992649,0.532085656543105,0.7580998626411021,0.64434133505299,0.6715334938704038,0.7249362151756084,0.5969816304450807
-4.703853372316674,-3.3812474135381443,1,0,0.0003900597899154,0.9996099402100844,1,0.0074172985230086,0.9925827014769912,1,0.9722654730637834,0.0277345269362166,0,0.0579359451999046,0.9420640548000954,1,0.9079845160613562,0.0920154839386438,0,0.1258386929206155,0.8741613070793846,1,1.0,1.0,1.0,1.0,0.9996666666666667,0.9977083333333333,0.9925833333333334,0.9813636363636364,0.004979671286497386,0.9992198804201691,0.0631376899118626,0.9851654029539826,0.1829001725006432,0.9445309461275668,0.3191963086880932,0.8841281096001907,0.4431616994123987,0.8159690321227124,0.545914321672173,0.7483226141587691
-5.169017820698158,-2.4936376652623173,1,0,0.0007365253501588,0.9992634746498412,1,0.0109150061484866,0.9890849938515134,1,0.9635748688561664,0.0364251311438335,0,0.0711305701120059,0.928869429887994,1,0.8919631141095902,0.1080368858904099,0,0.1431907686599806,0.8568092313400194,1,1.0,1.0,1.0,1.0,0.9996666666666667,0.9977083333333333,0.9925833333333334,0.9813636363636364,0.008727192586866897,0.9985269492996824,0.08679979601744325,0.9781699877030268,0.2256543037490794,0.9271497377123329,0.37012862367339733,0.8577388597759882,0.4939660683894375,0.7839262282191802,0.5925345334886917,0.7136184626800388
-2.33973582422514,-3.1336544137282183,1,0,0.0150054880138137,0.9849945119861864,1,0.0671794953035554,0.9328205046964446,1,0.8707767098959183,0.1292232901040818,0,0.1840430144059596,0.8159569855940405,1,0.7715598025589862,0.2284401974410139,0,0.2636823876314808,0.7363176123685192,1,1.0,1.0,1.0,1.0,0.9996666666666667,0.9977083333333333,0.9925833333333334,0.9813636363636364,0.11239384025580312,0.9699890239723726,0.35530881398214087,0.8656410093928892,0.5553042009775014,0.7415534197918365,0.6888422288893049,0.6319139711880809,0.7752822917969283,0.5431196051179723,0.8322524608891773,0.47263522473703845
-4.338653027837557,-3.9071528852558703,1,0,0.0012331209254296,0.9987668790745704,1,0.0150165182893015,0.9849834817106984,1,0.9542466195318396,0.0457533804681605,0,0.0847505929978083,0.9152494070021916,1,0.8756375556034888,0.1243624443965112,0,0.1608992980611602,0.8391007019388397,1,1.0,1.0,1.0,1.0,0.9996666666666667,0.9977083333333333,0.9925833333333334,0.9813636363636364,0.013694147188299257,0.9975337581491408,0.11246041916789236,0.9699669634213969,0.26807608444304964,0.9084932390636792,0.4187008924825603,0.8304988140043833,0.5417719136294387,0.7512751112069775,0.6364566269935029,0.6782014038776795
-3.768417166795668,-3.2391408735474627,1,0,0.0001991394148084,0.9998008605851916,1,0.0048251517456253,0.9951748482543744,1,0.9795199201084626,0.0204800798915375,0,0.0462008424467732,0.9537991575532268,1,0.9228814359551896,0.0771185640448105,0,0.109076909526093,0.8909230904739069,1,1.0,1.0,1.0,1.0,0.9996666666666667,0.9977083333333333,0.9925833333333334,0.9813636363636364,0.00273547557485396,0.9996017211703832,0.044074956759041495,0.9903496965087492,0.14412763519320673,0.959039840216925,0.2700337493141132,0.9075983151064535,0.39194398970072947,0.845762871910379,0.49712534481419807,0.7818461809478139
-4.000005349471071,-2.5502977940271734,1,0,8.280567776059918e-07,0.9999991719432224,1,0.0001427809009786,0.9998572190990214,1,0.9983852612537588,0.001614738746241,0,0.0065071456264244,0.9934928543735756,1,0.984160328894614,0.0158396711053859,0,0.0291048221227501,0.9708951778772498,1,1.0,1.0,1.0,1.0,0.9996666666666667,0.9977083333333333,0.9925833333333334,0.9813636363636364,1.7924496200484886e-05,0.9999983438864448,0.0020298448772053785,0.9997144381980427,0.017303561627198615,0.9967705225075179,0.05662355677343295,0.9869857087471512,0.11739607298421807,0.9683206577892282,0.18988252668773703,0.9417903557544997
-5.543264965639416,-3.687636108849268,1,0,0.003119143521196,0.996880856478804,1,0.026539723211798,0.973460276788202,1,0.9319121133514888,0.068087886648511,0,0.1139941364154231,0.886005863584577,1,0.8432786315147002,0.1567213684852999,0,0.1939390882743713,0.8060609117256287,1,1.0,1.0,1.0,1.0,0.9996666666666667,0.9977083333333333,0.9925833333333334,0.9813636363636364,0.030458676840049166,0.993761712957608,0.17673019037828125,0.946920553576404,0.3587471603094534,0.8638242267029779,0.5118471574559249,0.7720117271691539,0.6264080108905759,0.6865572630294002,0.7096393804287399,0.6121218234512573
-4.598387440436508,-3.829829539345795,1,0,0.0011484379279583,0.9988515620720416,1,0.0143942983957208,0.9856057016042792,1,0.955607960709378,0.044392039290622,0,0.082797545745809,0.917202454254191,1,0.8779458800811963,0.1220541199188035,0,0.1584326364055401,0.8415673635944599,1,1.0,1.0,1.0,1.0,0.9996666666666667,0.9977083333333333,0.9925833333333334,0.9813636363636364,0.012871666686880279,0.9977031241440834,0.10868588147259416,0.9712114032085584,0.2620792138621247,0.9112159214187561,0.4119606136673233,0.834404908508382,0.5352366878209133,0.7558917601623929,0.630546703229003,0.6831347271889199
-4.65815403791201,-1.8851430749641769,1,0,0.0007507757555196,0.9992492242444804,1,0.0108962997105189,0.9891037002894812,1,0.9636165630974356,0.0363834369025644,0,0.071137486540896,0.928862513459104,1,0.8919566064393597,0.1080433935606403,0,0.1430824788340116,0.8569175211659882,1,1.0,1.0,1.0,0.99,0.9996666666666667,0.9977083333333333,0.9925833333333334,0.9717768595041323,0.00887528331733629,0.9984984484889607,0.08667814879461458,0.9782074005789624,0.2254572464281003,0.9272331261948712,0.370154261897803,0.857725026918208,0.49398588692239703,0.7839132128787194,0.5922549646372275,0.7138350423319766
-3.782792451632154,-2.2089452656319404,1,0,0.0001379434855832,0.9998620565144168,1,0.0037050959858509,0.996294904014149,1,0.9830930536299928,0.0169069463700071,0,0.0398662031224915,0.9601337968775084,1,0.9316372811747068,0.0683627188252932,0,0.0983565710780552,0.9016434289219448,1,1.0,1.0,1.0,0.985,0.9996666666666667,0.9977083333333333,0.9925833333333334,0.9668181818181819,0.0019679335700076967,0.9997241130288337,0.035258776911880646,0.9925898080282981,0.12370254756856262,0.9661861072599857,0.24167839877023145,0.920267593755017,0.35978371826201805,0.8632745623494136,0.46376429355443805,0.8032868578438896
-4.2970845016606924,-1.6282340091114882,1,0,0.0016506017153504,0.9983493982846496,1,0.017598365636708,0.982401634363292,1,0.9489020120979104,0.0510979879020895,0,0.0921010994218948,0.9078989005781052,1,0.8673780866458509,0.1326219133541492,0,0.169204502098533,0.830795497901467,1,1.0,1.0,0.975,0.965,0.9996666666666667,0.9977083333333333,0.964586776859504,0.9484710743801653,0.017635517248675323,0.9966987965692993,0.1277349231956665,0.964803268726584,0.2910429474964326,0.8978040241958208,0.44344440003880653,0.8157978011562104,0.5645851956053547,0.7347561732917017,0.6558817771830927,0.661590995802934
-4.745424821490972,-4.000469562380378,1,0,0.0018750957038206,0.9981249042961792,1,0.019440609877917,0.9805593901220828,1,0.9451781238844336,0.0548218761155665,0,0.0970158246106802,0.9029841753893196,1,0.8617817083125234,0.1382182916874765,0,0.1752475046005137,0.8247524953994864,1,1.0,1.0,1.0,1.0,0.9996666666666667,0.9977083333333333,0.9925833333333334,0.9813636363636364,0.019688807999980178,0.9962498085923586,0.13828810620370813,0.9611187802441659,0.30653711046534643,0.890356247768867,0.4594639648287784,0.8059683507786395,0.5795535910693183,0.7235634166250469,0.6695692065913075,0.6495049907989727
-5.780308551000545,-4.950594853928246,1,0,0.0119970874455336,0.9880029125544664,1,0.0596634810728107,0.9403365189271894,1,0.881032003157787,0.1189679968422129,0,0.1724876819436107,0.8275123180563891,1,0.783458737573616,0.216541262426384,0,0.2520070510945004,0.7479929489054996,1,1.0,1.0,1.0,1.0,0.9996666666666667,0.9977083333333333,0.9925833333333334,0.9813636363636364,0.0937593755658502,0.9760058251089327,0.32610761382209547,0.8806730378543787,0.5263871108245574,0.762064006315574,0.6633640256270561,0.6550246361127785,0.7538014711824027,0.5669174751472319,0.8144437552514335,0.4959858978109992
-5.369138613897298,-2.6132537792677315,1,0,0.0012586544165449,0.9987413455834552,1,0.0151987470508434,0.9848012529491564,1,0.9539579966795774,0.0460420033204227,0,0.0849324890817379,0.915067510918262,1,0.8757037145317518,0.1242962854682482,0,0.1605532642024745,0.8394467357975256,1,1.0,1.0,1.0,1.0,0.9996666666666667,0.9977083333333333,0.9925833333333334,0.9813636363636364,0.013940464614508031,0.9974826911669102,0.11355864363215501,0.969602505898313,0.26933957509067996,0.9079159933591546,0.4193250105258396,0.8301350218365241,0.5415855954486296,0.7514074290635036,0.6356314968615542,0.6788934715950511
-3.395962289780293,-3.842863171188669,1,0,0.0024777175506139,0.997522282449386,1,0.0228646403255776,0.9771353596744224,1,0.9385001660456448,0.0614998339543552,0,0.1059917652297186,0.8940082347702815,1,0.8516116261312382,0.1483883738687618,0,0.1857968935372656,0.8142031064627343,1,1.0,1.0,1.0,1.0,0.9996666666666667,0.9977083333333333,0.9925833333333334,0.9813636363636364,0.025019196021192156,0.9950445648987721,0.1572358442181416,0.9542707193488449,0.3333701504003175,0.8770003320912896,0.48770625113406785,0.7880164695405628,0.6057924714119625,0.7032232522624764,0.6925956108538482,0.6284062129254687
-4.532224039685088,-2.4957022872439207,1,0,2.4375498696049052e-05,0.9999756245013038,1,0.0013156647567157,0.9986843352432844,1,0.9920393801142388,0.0079606198857611,0,0.0220592965097068,0.977940703490293,1,0.9577323214276018,0.0422676785723981,0,0.0660633659198702,0.9339366340801296,1,1.0,1.0,1.0,1.0,0.9996666666666667,0.9977083333333333,0.9925833333333334,0.9813636363636364,0.0004087012097429283,0.9999512490026078,0.014487755506285303,0.9973686704865686,0.06694754651998083,0.9840787602284776,0.15285181518305688,0.9558814069805862,0.2525945118447037,0.9154646428552037,0.3510581235215656,0.8678732681602594
-5.1878261048826335,-1.7088885435498482,1,0,0.0034282051885578,0.9965717948114422,1,0.0278635123901953,0.9721364876098044,1,0.9295847893520682,0.0704152106479316,0,0.1169170005236369,0.883082999476363,1,0.8401883549255538,0.1598116450744462,0,0.1969031130890134,0.8030968869109865,1,1.0,1.0,0.995,0.995,0.9996666666666667,0.9977083333333333,0.9876249999999999,0.9764876033057851,0.03300864542790837,0.9931435896228844,0.18356162925258218,0.9442729752196091,0.36747122879505717,0.8591695787041367,0.520433464563584,0.7661659989527261,0.633858759392929,0.6803767098511075,0.7156909133015528,0.606193773821973
-5.19943628846201,-3.2624916867194576,1,0,0.0010261999455283,0.9989738000544716,1,0.0134478756211489,0.9865521243788512,1,0.957738513998582,0.0422614860014178,0,0.0796620256923403,0.9203379743076596,1,0.8817426066546483,0.1182573933453517,0,0.1542831625556293,0.8457168374443708,1,1.0,1.0,1.0,1.0,0.9996666666666667,0.9977083333333333,0.9925833333333334,0.9813636363636364,0.011668331535756778,0.9979476001089432,0.10286856402944443,0.9731042487577023,0.25256663223337017,0.9154770279971642,0.40098719581847375,0.8406759486153194,0.5243309655323238,0.7634852133092966,0.62045593028104,0.6914336748887415
-4.556428813627366,-3.658114364970662,1,0,0.0007021344095727,0.9992978655904272,1,0.0106400507149331,0.989359949285067,1,0.9641421724153136,0.0358578275846862,0,0.0704665680311584,0.9295334319688414,1,0.892510797341313,0.1074892026586869,0,0.1428814442387031,0.8571185557612968,1,1.0,1.0,1.0,1.0,0.9996666666666667,0.9977083333333333,0.9925833333333334,0.9813636363636364,0.008368145729048386,0.9985957311808545,0.0850070217393498,0.9787198985701339,0.22296692511128513,0.9282843448306275,0.3676623841396535,0.8590668639376831,0.4922958722696883,0.7850215946826261,0.5917355932606805,0.7142371115225937
-3.913948053740255,-1.8076086750611324,1,0,0.0009255613871786,0.9990744386128214,1,0.0122249413206158,0.987775058679384,1,0.9604448482258068,0.0395551517741932,0,0.076042516885358,0.923957483114642,1,0.8858811739317143,0.1141188260682857,0,0.1497226585753736,0.8502773414246263,1,1.0,1.0,0.995,0.97,0.9996666666666667,0.9977083333333333,0.9876249999999999,0.9526859504132232,0.01066192191438076,0.9981488772256428,0.09520624279450406,0.9755501173587682,0.24024884598449534,0.9208896964516136,0.38807888407026886,0.847914966229284,0.512215922910559,0.7717623478634286,0.6091458223079538,0.7005546828492527
-4.443000227579169,-3.049309165599199,1,0,4.573998151423035e-05,0.9999542600184858,1,0.0019793395259162,0.9980206604740836,1,0.989241992873362,0.0107580071266379,0,0.0280168717037631,0.9719831282962368,1,0.948448589743974,0.0515514102560259,0,0.0782890332969198,0.9217109667030802,1,1.0,1.0,1.0,1.0,0.9996666666666667,0.9977083333333333,0.9925833333333334,0.9813636363636364,0.0007253833537347439,0.9999085200369715,0.020628738855102444,0.9960413209481673,0.08577737914421225,0.9784839857467241,0.1843469260219441,0.9439662565924737,0.2929510366784054,0.896897179487948,0.3961216129470227,0.8434219334061603
-3.414762509314309,-1.8690668153318333,1,0,0.0026421112394464,0.9973578887605534,1,0.0233135167211126,0.9766864832788872,1,0.9376344651733756,0.0623655348266246,0,0.1073037293867791,0.892696270613221,1,0.8500951942749014,0.1499048057250985,0,0.1872297432375054,0.8127702567624946,1,1.0,1.0,0.99,0.97,0.9996666666666667,0.9977083333333333,0.9828333333333333,0.9530991735537189,0.026434007362158125,0.9947157775211071,0.15966110867058905,0.9533729665577746,0.3367645031499726,0.8752689303467509,0.49172923785214157,0.7853925412264419,0.6096020297300847,0.7001903885498029,0.6956401921321723,0.6255405135249892
-3.886165145571673,-3.586275866192321,1,0,0.000578567954481,0.999421432045519,1,0.0093844540340712,0.9906155459659288,1,0.9671443643915788,0.032855635608421,0,0.0660960343121357,0.9339039656878644,1,0.8976636544649479,0.102336345535052,0,0.1373767406634569,0.8626232593365429,1,1.0,1.0,1.0,0.995,0.9996666666666667,0.9977083333333333,0.9925833333333334,0.976404958677686,0.007057084689336442,0.9988428640910381,0.07668427579923978,0.9812310919318576,0.20851652159073272,0.9342887287831578,0.351182950115062,0.8678079313757286,0.47635818321971013,0.7953273089298959,0.5773272854910575,0.7252465186730861
-2.954260462524273,-3.352484690646905,1,0,0.0034220710944036,0.9965779289055964,1,0.0276762930967027,0.9723237069032972,1,0.9297125120041372,0.0702874879958627,0,0.1172377413682323,0.8827622586317677,1,0.8393141348527217,0.1606858651472783,0,0.1982423055154318,0.8017576944845684,1,1.0,1.0,1.0,0.995,0.9996666666666667,0.9977083333333333,0.9925833333333334,0.9765702479338843,0.032958439876845554,0.9931558578111928,0.1826012492264652,0.9446474138065944,0.3669955850703785,0.8594250240082745,0.5213683680626642,0.7655245172635354,0.6359478399177568,0.6786282697054433,0.7183987464415994,0.6035153889691366
-3.533322818190291,-0.8142330056880822,1,0,0.0541144021257094,0.9458855978742906,1,0.1409463862575756,0.8590536137424245,1,0.7871127302270416,0.2128872697729583,0,0.2658168329047738,0.7341831670952262,1,0.6955526904955049,0.3044473095044951,0,0.3331861225828722,0.6668138774171278,1,0.995,0.95,0.905,0.875,0.9947083333333333,0.9482083333333333,0.8977272727272727,0.8629338842975206,0.30362397899099086,0.8917711957485812,0.5867119559508602,0.7181072274848489,0.7469655241907903,0.5742254604540833,0.8353978018213655,0.4683663341904524,0.8866595075098441,0.39110538099100983,0.9181485529504977,0.3336277548342556
-3.14015189512178,-2.309354962717418,1,0,0.0021741107413537,0.9978258892586462,1,0.0207252788063984,0.9792747211936016,1,0.9425215165430516,0.0574784834569482,0,0.1010108727888916,0.8989891272111082,1,0.856945566348262,0.1430544336517381,0,0.1803485416930339,0.8196514583069662,1,1.0,1.0,0.99,0.975,0.9996666666666667,0.9977083333333333,0.9830833333333335,0.9574793388429751,0.02236395637511368,0.9956517785172926,0.14549363807445304,0.9585494423872032,0.31735303266770143,0.8850430330861034,0.47219181870920207,0.7979782544222166,0.5921825386736573,0.7138911326965239,0.6808389315427525,0.6393029166139322
-2.7512218919539047,-2.472867164684025,1,0,0.0069046542029192,0.9930953457970808,1,0.0420338019479192,0.9579661980520808,1,0.9061281616003226,0.0938718383996774,0,0.1455246217636052,0.8544753782363949,1,0.8096279118143461,0.190372088185654,0,0.2275155292409307,0.7724844707590693,1,1.0,1.0,0.98,0.965,0.9996666666666667,0.9977083333333333,0.9736666666666667,0.948801652892562,0.059489934453858466,0.9861906915941616,0.25154062387421805,0.9159323961041617,0.44926314206882373,0.8122563232006452,0.5985264097511793,0.7089507564727897,0.7022491909187931,0.6192558236286921,0.7736551075119967,0.5449689415181387
-3.9700623599155054,-2.19725687727372,1,0,6.402344551399141e-05,0.999935976554486,1,0.0022898321874785,0.9977101678125216,1,0.9880619634440836,0.0119380365559164,0,0.0304395910204578,0.9695604089795422,1,0.945029896262304,0.054970103737696,0,0.0820381297762592,0.9179618702237408,1,1.0,1.0,0.995,0.995,0.9996666666666667,0.9977083333333333,0.9882083333333332,0.9771487603305785,0.000984276537891585,0.9998719531089719,0.02338281470013798,0.9954203356250432,0.0933833773709599,0.9761239268881672,0.19659161732441757,0.9391208179590844,0.3071456887430989,0.8900597925246081,0.40932026567747787,0.8359237404474815
-4.275061361703608,-1.5918164278233973,1,0,0.0019385856074783,0.9980614143925216,1,0.0194255340198918,0.9805744659801082,1,0.9452253924638302,0.0547746075361699,0,0.0970534263072427,0.9029465736927572,1,0.8617809649267983,0.1382190350732016,0,0.1750144625629175,0.8249855374370825,1,1.0,1.0,0.995,0.965,0.9996666666666667,0.9977083333333333,0.988125,0.9483057851239669,0.02026224328778815,0.9961228287850433,0.13820282161870445,0.9611489319602164,0.30634291124836605,0.8904507849276603,0.45958497081560584,0.8058931473855145,0.5795555538822551,0.7235619298535967,0.6690481873287705,0.649971074874165
-5.522855734880743,-1.5809365052735844,1,0,0.0072127903093279,0.992787209690672,1,0.0437900725889537,0.9562099274110462,1,0.9037173873276608,0.0962826126723389,0,0.147559189433238,0.8524408105667619,1,0.8082743141701442,0.1917256858298557,0,0.2282747925311941,0.7717252074688058,1,1.0,1.0,1.0,1.0,0.9996666666666667,0.9977083333333333,0.9925833333333334,0.9813636363636364,0.0616888775513612,0.9855744193813442,0.2594074891298421,0.9124198548220924,0.45709975244009154,0.8074347746553219,0.6036983179629383,0.7048816211335239,0.7050675348686398,0.6165486283402885,0.7749917351639353,0.5434504149376117
-2.985048512386093,-2.1357080732319504,1,0,0.0053512771398824,0.9946487228601176,1,0.0359306352347997,0.9640693647652002,1,0.9157404069872364,0.0842595930127634,0,0.1343527943101908,0.8656472056898091,1,0.8211303278056761,0.1788696721943239,0,0.2162723451191504,0.7837276548808495,1,1.0,0.995,0.975,0.965,0.9996666666666667,0.9927499999999999,0.9684583333333333,0.9486363636363636,0.04807977513683071,0.9892974457202353,0.2233125698023987,0.9281387295304006,0.4170131076900935,0.8314808139744729,0.5692560256372353,0.7312944113796184,0.6775980558009523,0.6422606556113521,0.7533022640922514,0.5674553097616991
-2.609808283726154,-2.682019441722783,1,0,0.0088539767210968,0.9911460232789032,1,0.0489034430586548,0.9510965569413452,1,0.8958724131833511,0.1041275868166489,0,0.1570777984664667,0.8429222015335333,1,0.7979746744256041,0.2020253255743959,0,0.2387375679638264,0.7612624320361736,1,1.0,1.0,0.99,0.955,0.9996666666666667,0.9977083333333333,0.9826666666666667,0.9385537190082645,0.07309620076101249,0.9822920465578064,0.28172047430982045,0.9021931138826904,0.48194481926206223,0.7917448263667022,0.6272726612827583,0.6858444030670665,0.7259602993034994,0.5959493488512082,0.7929345886584258,0.5225248640723472
-3.507805684517064,-2.4300749039334724,1,0,0.000278676758711,0.9997213232412888,1,0.0057824353357496,0.9942175646642504,1,0.976699994949787,0.0233000050502131,0,0.0510521412856493,0.9489478587143508,1,0.9165643698311532,0.0834356301688468,0,0.1160847572018087,0.8839152427981913,1,1.0,1.0,0.995,0.985,0.9996666666666667,0.9977083333333333,0.9877083333333333,0.9670661157024795,0.0036929167480613304,0.9994426464825779,0.05130536811452899,0.9884351293285008,0.15958829312614828,0.9533999898995739,0.29084967636321357,0.8978957174287016,0.41417064042613494,0.8331287396623064,0.5180009081519266,0.7678304855963827
-4.829137359455414,-1.3225057159635547,1,0,0.0063423886394057,0.9936576113605944,1,0.0402994556274771,0.9597005443725228,1,0.909022303513599,0.0909776964864009,0,0.1416340750849639,0.858365924915036,1,0.8141901021442168,0.1858098978557832,0,0.2226072102290448,0.7773927897709552,1,1.0,1.0,1.0,0.99,0.9996666666666667,0.9977083333333333,0.9925833333333334,0.9719421487603307,0.055425298851150225,0.9873152227211887,0.24366350138746276,0.9194010887450458,0.4397248486409239,0.8180446070271982,0.5885023608787562,0.7167318498300721,0.692623330863577,0.6283802042884337,0.7648996981496331,0.5547855795419103
-2.886479453831699,-1.4914348933499788,1,0,0.0299385257089948,0.9700614742910052,1,0.1000175192926394,0.8999824807073606,1,0.8307663592669363,0.1692336407330636,0,0.2247757702667814,0.7752242297332185,1,0.7327361848022591,0.2672638151977409,0,0.299762785210957,0.7002372147890429,1,0.995,0.98,0.955,0.93,0.9947083333333333,0.9778750000000003,0.9454958677685951,0.9154132231404959,0.19408347357173553,0.9401229485820104,0.46905112597026843,0.7999649614147213,0.6559486671310599,0.6615327185338727,0.7687925342894288,0.5504484594664371,0.8375109246661907,0.4654723696045182,0.8810007363485989,0.4004744295780859
-3.789502174155147,-2.5274545387697973,1,0,2.213890663298293e-05,0.9999778610933672,1,0.0011745263679195,0.9988254736320804,1,0.9925806198711044,0.0074193801288955,0,0.0212202763990337,0.9787797236009664,1,0.9586694040582332,0.0413305959417668,0,0.0650201722293457,0.9349798277706542,1,1.0,1.0,1.0,1.0,0.9996666666666667,0.9977083333333333,0.9925833333333334,0.9813636363636364,0.0003742744984914722,0.9999557221867342,0.013125981260607204,0.9976509472641609,0.06315239426288556,0.9851612397422088,0.1482382970628101,0.9575594472019328,0.24836001048557046,0.9173388081164664,0.3470588748356311,0.8699596555413085
-4.506241002224204,-2.9976224446656605,1,0,4.629277247250411e-05,0.9999537072275274,1,0.0019945860489023,0.9980054139510978,1,0.989191484490028,0.0108085155099719,0,0.0280916195433285,0.9719083804566716,1,0.9483769630292004,0.0516230369707995,0,0.078337412069777,0.921662587930223,1,1.0,1.0,1.0,1.0,0.9996666666666667,0.9977083333333333,0.9925833333333334,0.9813636363636364,0.0007333476537336925,0.9999074144550549,0.020765536049550823,0.9960108279021954,0.0861066646343996,0.9783829689800562,0.18472923021585644,0.9438167609133431,0.29325189964445936,0.8967539260584009,0.39629369376283363,0.8433251758604461
-2.563447864677236,-1.617829300664138,1,0,0.0461738637529412,0.9538261362470588,1,0.1283713954306336,0.8716286045693663,1,0.8000052963426544,0.1999947036573455,0,0.2540703088897328,0.7459296911102671,1,0.7059155195130808,0.2940844804869192,0,0.3240814763830996,0.6759185236169003,1,0.995,0.965,0.885,0.84,0.9947083333333333,0.9631666666666666,0.8785537190082644,0.8301239669421487,0.2699159027061272,0.9076522724941176,0.5529547537595035,0.7432572091387327,0.7219175020727004,0.6000105926853089,0.8176659019122,0.49185938222053427,0.8739391537809356,0.41183103902616164,0.9087648117760458,0.3518370472338007
-5.104346276171271,-1.2918452594343346,1,0,0.0084388001522564,0.9915611998477436,1,0.0479644079168192,0.9520355920831808,1,0.897464639186728,0.1025353608132718,0,0.1547089028662987,0.8452910971337013,1,0.8009700510508658,0.1990299489491342,0,0.2353556986706785,0.7646443013293215,1,1.0,1.0,0.995,0.99,0.9996666666666667,0.9977083333333333,0.9876249999999999,0.9716115702479339,0.07025585458601125,0.9831223996954872,0.27768615722634216,0.9040711841663616,0.47698135866916486,0.7949292783734563,0.6214999486258441,0.6905821942674026,0.7199837452042034,0.6019401021017317,0.7872312858146239,0.529288602658643
-3.231566165076213,-2.313964060642273,1,0,0.0014752123833823,0.9985247876166176,1,0.0163113849630263,0.9836886150369736,1,0.9514090459727093,0.0485909540272907,0,0.0890494467459437,0.9109505532540562,1,0.8704432710002564,0.1295567289997435,0,0.1663555421263101,0.8336444578736899,1,1.0,1.0,0.99,0.965,0.9996666666666667,0.9977083333333333,0.9831666666666669,0.9484710743801653,0.016000879296635365,0.9970495752332352,0.12019600667032998,0.9673772300739473,0.280381008812119,0.9028180919454185,0.43328901065635583,0.8219011065081124,0.556221258218135,0.740886542000513,0.6492995098412244,0.6672889157473798
-2.8679772629051543,-3.778329231335317,1,0,0.0061617045192169,0.9938382954807832,1,0.039649350772558,0.960350649227442,1,0.9099137167062258,0.0900862832937742,0,0.1408759492745542,0.8591240507254457,1,0.8146196546605272,0.1853803453394727,0,0.2225447306930852,0.7774552693069147,1,1.0,1.0,1.0,1.0,0.9996666666666667,0.9977083333333333,0.9925833333333334,0.9813636363636364,0.054104053837272,0.9876765909615662,0.2406821593055833,0.9207012984548839,0.43675775389536936,0.8198274334124516,0.586528254793408,0.7182481014508915,0.6917068428900183,0.6292393093210545,0.7647869598338367,0.5549105386138294
-5.04101194763741,-2.543365215373932,1,0,0.0004393018789564,0.9995606981210436,1,0.007937249602866,0.992062750397134,1,0.970958515001978,0.0290414849980217,0,0.0598730027436298,0.9401269972563704,1,0.9057553842998114,0.0942446157001887,0,0.1280742604163242,0.8719257395836758,1,1.0,1.0,1.0,1.0,0.9996666666666667,0.9977083333333333,0.9925833333333334,0.9813636363636364,0.005532953486316033,0.9991213962420873,0.06678480733163442,0.984125500794268,0.18956193928108572,0.9419170300039563,0.3269405810812389,0.8802539945127406,0.45048130120337915,0.8115107685996227,0.5521330843404185,0.7438514791673516
-3.929280511566661,-2.9171426976142536,1,0,1.4173627724505637e-05,0.9999858263722756,1,0.0009308458065464,0.9990691541934535,1,0.9937125889142352,0.0062874110857649,0,0.0186685347782073,0.9813314652217928,1,0.9625999451686468,0.0374000548313532,0,0.0601957641393551,0.9398042358606448,1,1.0,1.0,1.0,1.0,0.9996666666666667,0.9977083333333333,0.9925833333333334,0.9813636363636364,0.00024873463744447884,0.9999716527445511,0.010715146233799735,0.9981383083869071,0.055024078733018796,0.9874251778284703,0.13389803899957514,0.9626629304435855,0.23024183018991418,0.9251998903372936,0.328221539982925,0.8796084717212896
-3.783930098075417,-3.430801801860051,1,0,0.000402528673902,0.999597471326098,1,0.0074813064681202,0.9925186935318796,1,0.9720163138778376,0.0279836861221624,0,0.0585582889709772,0.9414417110290229,1,0.9069698097282114,0.0930301902717886,0,0.1271234708556806,0.8728765291443192,1,1.0,1.0,1.0,1.0,0.9996666666666667,0.9977083333333333,0.9925833333333334,0.9813636363636364,0.005120577506990325,0.999194942652196,0.06358945133640344,0.9850373870637594,0.18417710070362728,0.9440326277556752,0.3216950791902917,0.8828834220580457,0.4465041289659523,0.8139396194564228,0.5494961841509766,0.7457530582886387
-7.283204160361578,-2.056249709594372,1,0,0.029173218808342,0.970826781191658,1,0.1004470640025322,0.8995529359974677,1,0.8307904480927569,0.1692095519072431,0,0.2234419556207418,0.7765580443792581,1,0.7352271973453639,0.2647728026546361,0,0.2965129883668151,0.7034870116331847,1,1.0,1.0,1.0,1.0,0.9996666666666667,0.9977083333333333,0.9925833333333334,0.9813636363636364,0.1902284935914476,0.941653562383316,0.4704111531401665,0.7991058719949354,0.6558933700265765,0.6615808961855139,0.766402796618216,0.5531160887585164,0.8338635265312444,0.4704543946907278,0.876986542568183,0.4069740232663696
-4.770809965279131,-2.9844233372475863,1,0,0.000160753757216,0.999839246242784,1,0.0042922875321214,0.9957077124678784,1,0.9812643218884696,0.0187356781115302,0,0.042865378317916,0.957134621682084,1,0.927674059933858,0.0723259400661419,0,0.1032542227145703,0.8967457772854296,1,1.0,1.0,1.0,1.0,0.9996666666666667,0.9977083333333333,0.9925833333333334,0.9813636363636364,0.002257857087722775,0.999678492485568,0.03993386334387432,0.991415424935757,0.13428165701340447,0.9625286437769394,0.2552790161377821,0.9142692433641679,0.37454426094727006,0.8553481198677161,0.4792271624127035,0.7934915545708593
-4.597080524784337,-2.761682288079521,1,0,3.5386412393953984e-05,0.999964613587606,1,0.0016832717998611,0.998316728200139,1,0.9904627313005624,0.0095372686994375,0,0.0254291344853573,0.9745708655146426,1,0.9524671918513332,0.0475328081486666,0,0.0730310256554201,0.9269689743445798,1,1.0,1.0,1.0,1.0,0.9996666666666667,0.9977083333333333,0.9925833333333334,0.9813636363636364,0.0005742901350955361,0.999929227175212,0.01793693801887367,0.9966334564002779,0.07770967967244413,0.9809254626011249,0.17092366010246873,0.9491417310292852,0.2758225884925201,0.9049343837026667,0.37713437526382004,0.8539379486891597
-4.580078164638154,-2.499771980276184,1,0,3.584144516706863e-05,0.9999641585548328,1,0.0016735367509042,0.9983264632490956,1,0.9905222650009066,0.0094777349990934,0,0.0252669982735863,0.9747330017264138,1,0.952817913012571,0.0471820869874289,0,0.0723938393713233,0.9276061606286764,1,1.0,1.0,1.0,1.0,0.9996666666666667,0.9977083333333333,0.9925833333333334,0.9813636363636364,0.0005810142259653118,0.9999283171096657,0.017847217154019008,0.9966529264981914,0.07731062895342973,0.9810445300018131,0.1700700223592532,0.9494660034528275,0.2743038693985312,0.9056358260251421,0.3747941509733602,0.8552123212573531
-6.058954687064434,-3.898955063205648,1,0,0.007056382385478,0.992943617614522,1,0.0434759253838512,0.9565240746161487,1,0.9042080943489186,0.0957919056510815,0,0.1469296704408394,0.8530703295591605,1,0.8089299860383824,0.1910700139616176,0,0.2276905960695215,0.7723094039304784,1,1.0,1.0,1.0,1.0,0.9996666666666667,0.9977083333333333,0.9925833333333334,0.9813636363636364,0.060575150927087804,0.985887235229044,0.2580082536284818,0.9130481492322975,0.45551251213458704,0.808416188697837,0.6021031670217739,0.7061406591183211,0.703704487417169,0.6178599720767648,0.7739637192573929,0.544618807860957
-4.684415634585644,-3.3902149813209204,1,0,0.0003840792806899,0.99961592071931,1,0.0073465928476382,0.9926534071523618,1,0.9724523049951648,0.0275476950048353,0,0.0576428692137132,0.9423571307862868,1,0.9083483674339324,0.0916516325660676,0,0.1254374664504009,0.874562533549599,1,1.0,1.0,1.0,1.0,0.9996666666666667,0.9977083333333333,0.9925833333333334,0.9813636363636364,0.004911884753538724,0.9992318414386201,0.06263772306185941,0.9853068143047237,0.18194049082947464,0.9449046099903294,0.3180160406625897,0.8847142615725736,0.44195885614556607,0.8166967348678649,0.5447913058847298,0.7491250670991981
-4.763851890278438,-1.761938150797118,1,0,0.001454717609791,0.998545282390209,1,0.016408311042818,0.983591688957182,1,0.9513990311850846,0.0486009688149154,0,0.0885555012418028,0.9114444987581972,1,0.8715280939102408,0.1284719060897591,0,0.1648356742423602,0.8351643257576397,1,1.0,1.0,1.0,0.99,0.9996666666666667,0.9977083333333333,0.9925833333333334,0.9716115702479339,0.01580796578827222,0.997090564780418,0.1207688302533741,0.9671833779143639,0.280423983766267,0.9027980623701692,0.4316298013278876,0.8228889975163944,0.5532324387735376,0.7430561878204817,0.6457535255284659,0.6703286515152794
-4.433201700792743,-1.9430810541263228,1,0,0.0003780315186776,0.9996219684813225,1,0.0070829402740068,0.9929170597259932,1,0.9732191288819284,0.0267808711180717,0,0.0563707730793574,0.9436292269206424,1,0.9101703774999936,0.0898296225000062,0,0.1229727159478285,0.8770272840521713,1,1.0,1.0,0.995,0.99,0.9996666666666667,0.9977083333333333,0.9877083333333333,0.9717768595041323,0.004843199250448547,0.9992439369626449,0.06076461247218444,0.9858341194519864,0.17798179227509783,0.9464382577638567,0.31286650557403656,0.887258453841285,0.43590086335819034,0.8203407549999875,0.5378459052891539,0.7540545681043428
-4.654927011819945,-1.95210545610114,1,0,0.0005623043942011,0.9994376956057988,1,0.0091150252596418,0.990884974740358,1,0.967953891383044,0.032046108616956,0,0.0645874330000834,0.9354125669999164,1,0.8999323074280187,0.1000676925719813,0,0.1343745599613663,0.8656254400386336,1,1.0,1.0,1.0,1.0,0.9996666666666667,0.9977083333333333,0.9925833333333334,0.9813636363636364,0.006881846899757426,0.9988753912115976,0.0748675132963706,0.9817699494807162,0.20455142347232316,0.935907782766088,0.3453923435487114,0.870825133999833,0.46921013724321275,0.7998646148560373,0.569314523389965,0.7312508800772674
-3.643860281927769,-4.464468780378987,1,0,0.0052541915670212,0.9947458084329788,1,0.0362214330841902,0.9637785669158098,1,0.91542222873097,0.0845777712690298,0,0.1342445287111772,0.8657554712888228,1,0.8216383681431126,0.1783616318568874,0,0.2155800958412289,0.7844199041587712,1,1.0,1.0,1.0,1.0,0.9996666666666667,0.9977083333333333,0.9925833333333334,0.9813636363636364,0.047346643396916396,0.9894916168659575,0.22469089652990204,0.9275571338316195,0.41810734010484557,0.8308444574619402,0.5689649617481223,0.7315109425776456,0.6764797577096576,0.6432767362862253,0.7520143678558535,0.5688398083175423
-2.8594775698179653,-2.0514008033718314,1,0,0.0093504051225361,0.9906495948774638,1,0.0503253675286109,0.949674632471389,1,0.8937770313750758,0.1062229686249241,0,0.1595058930435409,0.840494106956459,1,0.7954741897550816,0.2045258102449184,0,0.2411557616561158,0.7588442383438843,1,1.0,0.995,0.965,0.94,0.9996666666666667,0.9927499999999999,0.9587916666666666,0.9241735537190082,0.07645531206137016,0.9812991897549277,0.28777749040376027,0.899349264942778,0.4884171037785517,0.7875540627501517,0.6331261825136356,0.6809882139129181,0.7308878856591084,0.5909483795101631,0.7969569936609389,0.5176884766877685
-4.770261034897469,-1.73791631870918,1,0,0.0015993531145988,0.9984006468854012,1,0.0173934344911836,0.9826065655088164,1,0.9493615336692228,0.0506384663307774,0,0.091341394279204,0.908658605720796,1,0.8683496873010033,0.1316503126989967,0,0.1681553086627429,0.831844691337257,1,1.0,1.0,1.0,1.0,0.9996666666666667,0.9977083333333333,0.9925833333333334,0.9813636363636364,0.017160797454368115,0.9968012937708024,0.12654398984450774,0.9652131310176328,0.28910295009293163,0.8987230673384454,0.44093143875102725,0.8173172114415921,0.5619468653696084,0.7366993746020065,0.6534674590756546,0.6636893826745142
-3.879310928724561,-1.5460975625368545,1,0,0.0032209436761573,0.9967790563238426,1,0.0264112038589773,0.9735887961410228,1,0.9320365145861308,0.0679634854138693,0,0.1142486286908341,0.8857513713091658,1,0.8427185900722786,0.1572814099277215,0,0.1945468902265127,0.8054531097734872,1,1.0,1.0,1.0,0.965,0.9996666666666667,0.9977083333333333,0.9925833333333334,0.9483057851239669,0.031303288591707994,0.9935581126476852,0.17606182665246742,0.9471775922820455,0.35827740396968544,0.8640730291722615,0.512599574098526,0.7715027426183317,0.6277659734319746,0.6854371801445571,0.7108868835186921,0.6109062195469744
-4.106046856679212,-2.0156974746821184,1,0,0.0002007813317695,0.9997992186682304,1,0.0047234368198309,0.995276563180169,1,0.9799345116353884,0.0200654883646117,0,0.0452927341978133,0.9547072658021868,1,0.924483168301833,0.075516831698167,0,0.1066203884472441,0.8933796115527559,1,1.0,1.0,1.0,0.99,0.9996666666666667,0.9977083333333333,0.9925833333333334,0.9717768595041323,0.0027556509805497014,0.9995984373364609,0.04329138365001924,0.9905531263603381,0.1418080830329943,0.9598690232707766,0.2660538256057748,0.9094145316043735,0.3861820243256122,0.8489663366036659,0.48963710432095375,0.7867592231055118
-4.261893015625375,-3.1849134844712945,1,0,6.729661535911103e-05,0.999932703384641,1,0.0025015990453353,0.9974984009546646,1,0.9872409639279344,0.0127590360720654,0,0.0320346633862248,0.967965336613775,1,0.9425087017720942,0.0574912982279057,0,0.0857123182616283,0.9142876817383716,1,1.0,1.0,1.0,1.0,0.9996666666666667,0.9977083333333333,0.9925833333333334,0.9813636363636364,0.0010297561846078196,0.9998654067692819,0.02522568129394023,0.9949968019093293,0.09857361794299199,0.974481927855869,0.20449514746247116,0.9359306732275502,0.317404743613575,0.8850174035441886,0.4219937979200343,0.8285753634767433
-3.177118468077322,-1.3267067723254813,1,0,0.0245940820120807,0.9754059179879192,1,0.0892432027642697,0.9107567972357302,1,0.8432632398207487,0.1567367601792512,0,0.2124181515173505,0.7875818484826494,1,0.7443216699857274,0.2556783300142727,0,0.2890877294833371,0.7109122705166628,1,1.0,0.975,0.945,0.88,0.9996666666666667,0.9731666666666665,0.935413223140496,0.8664876033057851,0.16651058959073814,0.9508118359758385,0.4339386692313626,0.8215135944714606,0.6264453776675188,0.6865264796414975,0.746079593821939,0.5751636969652989,0.8201546360146271,0.48864333997145465,0.8675398887240446,0.42182454103332573
-3.864841489819199,-3.104128435235484,1,0,7.250894240061363e-05,0.9999274910575994,1,0.002578159101431,0.9974218408985692,1,0.9869247122074978,0.0130752877925022,0,0.032775006477102,0.967224993522898,1,0.9413243382806908,0.0586756617193092,0,0.0872012387848553,0.9127987612151448,1,1.0,1.0,1.0,1.0,0.9996666666666667,0.9977083333333333,0.9925833333333334,0.9813636363636364,0.0011017098792716325,0.9998549821151987,0.02588543069951826,0.9948436817971382,0.10055204005406052,0.9738494244149956,0.20812294255629182,0.9344499870457961,0.32216520301600365,0.8826486765613817,0.4270582712534647,0.8255975224302895
-4.6728943418093145,-2.0223449390212203,1,0,0.0004357262810115,0.9995642737189884,1,0.0077912760125746,0.9922087239874252,1,0.9713465878540318,0.0286534121459682,0,0.0592978085766518,0.940702191423348,1,0.9065090566955304,0.0934909433044695,0,0.1270948530477597,0.8729051469522403,1,1.0,1.0,1.0,1.0,0.9996666666666667,0.9977083333333333,0.9925833333333334,0.9813636363636364,0.005493057838284681,0.9991285474379769,0.06576604262736428,0.9844174479748506,0.18759317073640136,0.9426931757080637,0.3246511520797427,0.8814043828466962,0.44801602110329014,0.8130181133910609,0.5494166342794738,0.7458102939044806
-5.216383277708084,-1.0292458872414043,1,0,0.0163877934695304,0.9836122065304695,1,0.0712394407171174,0.9287605592828824,1,0.8656815250792517,0.1343184749207484,0,0.1888640352900978,0.8111359647099022,1,0.7674495109874577,0.2325504890125422,0,0.2670624425285361,0.7329375574714638,1,1.0,1.0,0.995,0.98,0.9996666666666667,0.9977083333333333,0.9876249999999999,0.9621900826446282,0.12064764365162171,0.9672244130609391,0.3705320704955741,0.857521118565765,0.5691637762947476,0.7313630501585033,0.6990890521693555,0.6222719294198045,0.7824309514024346,0.5348990219749156,0.8372177721327749,0.4658751149429277
-6.338445699793946,-2.6298103330894564,1,0,0.0084108357826666,0.9915891642173336,1,0.0482500884506463,0.9517499115493536,1,0.8971178170298092,0.1028821829701907,0,0.1548831394059325,0.8451168605940674,1,0.8009568637751489,0.1990431362248512,0,0.2352986717461745,0.7647013282538255,1,1.0,1.0,1.0,1.0,0.9996666666666667,0.9977083333333333,0.9925833333333334,0.9813636363636364,0.07006348954722827,0.983178328434667,0.2789164332943332,0.9034998230987074,0.4780658776520156,0.7942356340596185,0.6219266419315034,0.6902337211881349,0.7200102345257346,0.6019137275502977,0.787134330086254,0.5294026565076511
-1.1743469198231415,3.5308420841707857,-1,1,0.9968334147718372,0.003166585228163,0,0.9742575094990974,0.0257424905009027,0,0.0667307074701618,0.933269292529838,1,0.8864599732772906,0.1135400267227094,0,0.1580135744910084,0.8419864255089916,1,0.8029252825935004,0.1970747174064996,0,1.0,1.0,1.0,1.0,0.9802238805970149,0.9675373134328359,0.9509701492537314,0.9418939393939394,0.030852878362900925,0.9936668295436741,0.1725691327112998,0.9485150189981947,0.35360311355522106,0.8665385850596763,0.5105022645177647,0.7729199465545813,0.6295361446313401,0.6839728510179832,0.7160388076774505,0.6058505651870008
-1.6386097527041708,0.1015468414487523,-1,1,0.9136716372602544,0.0863283627397455,0,0.8086576974299267,0.1913423025700732,0,0.2573034880156013,0.7426965119843987,1,0.7015946174784532,0.2984053825215468,0,0.3261251105530899,0.6738748894469101,1,0.65378698675699,0.34621301324301,0,0.96,0.87,0.77,0.72,0.9430597014925374,0.8491791044776118,0.744850746268657,0.700546875,0.4240941494306662,0.8273432745205088,0.7042710228418751,0.6173153948598534,0.8226499764433007,0.48539302396879735,0.8793329075279549,0.4031892349569064,0.9109183329038611,0.3477497788938202,0.9306404060152573,0.30757397351397997
-2.340883614314044,0.4089668197633493,-1,1,0.8664533388263582,0.1335466611736417,0,0.7583800196794358,0.2416199803205643,0,0.3005147307952533,0.6994852692047467,1,0.6647402327794358,0.3352597672205641,0,0.3581554794915372,0.6418445205084627,1,0.6254155828216835,0.3745844171783165,0,0.93,0.85,0.765,0.69,0.9141044776119402,0.8288805970149254,0.7427611940298509,0.6709701492537313,0.5670853015657517,0.7329066776527166,0.7977238872820316,0.5167600393588715,0.8819191924555111,0.3989705384094934,0.9202102328704118,0.3294804655588717,0.9411414389516483,0.28368904101692555,0.9541272010470696,0.25083116564336705
-0.4733466703008947,1.160823952477214,-1,1,0.9993322973040428,0.0006677026959571,0,0.9889213299392388,0.0110786700607613,0,0.0365458624441833,0.9634541375558164,1,0.9307815918197466,0.0692184081802533,0,0.1024479824568123,0.8975520175431876,1,0.8666136091824485,0.1333863908175516,0,1.0,1.0,1.0,0.985,0.9802238805970149,0.9675373134328359,0.9509701492537314,0.9289393939393938,0.008006235935485636,0.9986645946080858,0.08786211028467016,0.9778426598784774,0.2262245070607363,0.9269082751116331,0.36300011109081337,0.8615631836394934,0.4767078278292745,0.7951040350863753,0.5666527675166746,0.7332272183648969
0.9145430810025146,-0.334868814931812,-1,1,0.9361452568490044,0.0638547431509954,0,0.8396913338643773,0.1603086661356226,0,0.2309128581396886,0.7690871418603115,1,0.7211602550932742,0.2788397449067257,0,0.3125431801946168,0.6874568198053833,1,0.6626432952910604,0.3373567047089397,0,1.0,1.0,0.995,0.99,0.9802238805970149,0.9675373134328359,0.9470895522388059,0.9334090909090911,0.3425604558911751,0.872290513698009,0.6350474709218118,0.6793826677287547,0.7795992292751406,0.5381742837206229,0.8538650607800072,0.4423205101865485,0.8960873438951217,0.3749136396107665,0.9222667644671294,0.32528659058212067
-0.8067626503140967,1.7522793449274636,-1,1,0.9999977354598804,2.2645401195664262e-06,0,0.9996036216834584,0.0003963783165416,0,0.0030898571262619,0.996910142873738,1,0.9911622839933872,0.0088377160066127,0,0.0164345246146875,0.9835654753853126,1,0.975384128171859,0.024615871828141,0,1.0,1.0,1.0,0.985,0.9802238805970149,0.9675373134328359,0.9509701492537314,0.9286363636363635,4.573248419214716e-05,0.9999954709197608,0.005051145368267699,0.9992072433669168,0.030214810706428917,0.9938202857474762,0.07298549837513611,0.9823245679867746,0.1209236054016534,0.967130950770625,0.1666262709526224,0.9507682563437181
0.4146405554904286,0.5910677212690678,-1,1,0.9892536746846072,0.0107463253153928,0,0.942376106242758,0.0576238937572418,0,0.1161863456234549,0.883813654376545,1,0.8319640646745915,0.1680359353254084,0,0.2101372195903521,0.7898627804096479,1,0.7561229880672085,0.2438770119327915,0,1.0,1.0,1.0,0.99,0.9802238805970149,0.9675373134328359,0.9509701492537314,0.9329545454545456,0.08570117129697173,0.9785073493692145,0.3179395446797102,0.8847522124855163,0.5182983606250542,0.7676273087530902,0.6531920486008181,0.6639281293491831,0.7417449482849036,0.5797255608192957,0.8014283867681832,0.5122459761344169
0.3376985260275462,0.4213635395897246,-1,1,0.9854987044329546,0.0145012955670453,0,0.9311333216485288,0.0688666783514712,0,0.1309883779792959,0.869011622020704,1,0.8166746461682222,0.1833253538317778,0,0.2246408919183165,0.7753591080816834,1,0.7427948610791612,0.2572051389208388,0,1.0,1.0,0.99,0.97,0.9802238805970149,0.9675373134328359,0.9418656716417912,0.9171969696969697,0.10933770975495138,0.9709974088659094,0.3616800130206013,0.8622666432970576,0.5601425981716518,0.7380232440414081,0.687297894475318,0.6333492923364443,0.768551549090741,0.5507182161633669,0.8224995344823752,0.48558972215832236
0.6170200558754773,0.1794953315253142,-1,1,0.973339692918316,0.026660307081684,0,0.9021535754514042,0.0978464245485958,0,0.1660849150603148,0.8339150849396852,1,0.7813041056111838,0.2186958943888161,0,0.2582438847076842,0.7417561152923158,1,0.7114985085841068,0.2885014914158932,0,1.0,1.0,1.0,0.98,0.9802238805970149,0.9675373134328359,0.9509701492537314,0.9249242424242423,0.17735644692868374,0.946679385836632,0.462131508562051,0.8043071509028084,0.6486698768771,0.6678301698793705,0.757779085154872,0.5626082112223677,0.8240847912590602,0.48351223058463155,0.8667776487132107,0.4229970171682136
-2.265757269773772,2.028857958109291,-1,1,0.9919431668881772,0.0080568331118228,0,0.9529586786467268,0.0470413213532732,0,0.0992658069697027,0.9007341930302972,1,0.8520089013744296,0.1479910986255702,0,0.1891287693210115,0.8108712306789885,1,0.7769429220667203,0.2230570779332796,0,1.0,0.995,0.995,0.985,0.9802238805970149,0.9630597014925372,0.946641791044776,0.9293939393939393,0.06761648046612308,0.9838863337763544,0.2736932069328685,0.9059173572934536,0.4666639269241399,0.8014683860605946,0.6047901114089719,0.7040178027488595,0.6996453509336337,0.621742461357977,0.7657104808104458,0.5538858441334407
-2.301917784340118,3.789455430124668,-1,1,0.9838088860066768,0.0161911139933233,0,0.9300170771384488,0.0699829228615509,0,0.1319377626160559,0.8680622373839441,1,0.813950902216452,0.1860490977835479,0,0.2298563750763248,0.7701436249236752,1,0.7352386342686749,0.2647613657313251,0,1.0,1.0,1.0,1.0,0.9802238805970149,0.9675373134328359,0.9509701492537314,0.9418939393939394,0.1194840421420707,0.9676177720133535,0.36585991913399446,0.8600341542768979,0.5627286580016149,0.7361244747678881,0.6931329219508292,0.6279018044329041,0.7777608490128994,0.5402872498473503,0.8338466744811746,0.4704772685373498
-1.3430854540078343,4.54922715966976,-1,1,0.986153513808539,0.0138464861914609,0,0.9363910326519556,0.0636089673480442,0,0.1242685209222137,0.8757314790777863,1,0.8209767456508476,0.1790232543491525,0,0.2240878787431529,0.7759121212568469,1,0.7397496174345224,0.2602503825654777,0,1.0,1.0,1.0,1.0,0.9802238805970149,0.9675373134328359,0.9509701492537314,0.9418939393939394,0.10533017571336264,0.9723070276170781,0.3416076233859726,0.8727820653039113,0.5415073870631342,0.7514629581555725,0.6779356214382493,0.6419534913016951,0.7675619122730037,0.5518242425136941,0.8271239682038684,0.47949923486904467
-0.7395066448915271,2.5178232324355405,-1,1,0.9999335201806274,6.64798193727091e-05,0,0.9978338953170892,0.0021661046829106,0,0.0117667915974764,0.9882332084025236,1,0.9680729522195308,0.0319270477804691,0,0.0605952404993932,0.9394047595006068,1,0.9065425231470076,0.0934574768529922,0,1.0,1.0,1.0,1.0,0.9802238805970149,0.9675373134328359,0.9509701492537314,0.9418939393939394,0.0010184290205421409,0.9998670403612547,0.02229314371492329,0.9956677906341787,0.09229058002492066,0.9764664168050472,0.20396570495985078,0.9361459044390618,0.32980328389496566,0.8788095190012135,0.44790632785450607,0.8130850462940153
-0.0786535686317969,2.526747236414588,-1,1,0.9996715329713236,0.0003284670286765,0,0.9936742972093248,0.0063257027906752,0,0.0254926950820209,0.974507304917979,1,0.9434141419258902,0.0565858580741097,0,0.0934531491313958,0.9065468508686042,1,0.869229062758414,0.1307709372415859,0,1.0,1.0,1.0,1.0,0.9802238805970149,0.9675373134328359,0.9509701492537314,0.9418939393939394,0.004274808486796988,0.9993430659426471,0.05530360077591685,0.9873485944186495,0.17125788487246582,0.9490146098359581,0.3137402426761021,0.8868282838517806,0.4478921414552363,0.8130937017372084,0.55954869897182,0.7384581255168281
-0.6295818241042077,3.431237095467221,-1,1,0.9980365551482996,0.0019634448517003,0,0.9808841525224364,0.0191158474775636,0,0.0545626033309213,0.9454373966690786,1,0.9015590064481752,0.0984409935518248,0,0.1422139263077568,0.8577860736922431,1,0.8182001611265702,0.1817998388734298,0,1.0,1.0,1.0,1.0,0.9802238805970149,0.9675373134328359,0.9509701492537314,0.9418939393939394,0.020485945449890554,0.9960731102965993,0.1364470877328039,0.9617683050448729,0.3054711421991109,0.8908747933381572,0.46403408896623627,0.8031180128963504,0.5900076475931927,0.7155721473844863,0.6839986311901644,0.6364003222531405
-1.299314845212078,1.7565110425357455,-1,1,0.9998507688610988,0.0001492311389013,0,0.995781505122863,0.0042184948771371,0,0.0175316982117093,0.9824683017882906,1,0.9620981966298966,0.0379018033701033,0,0.0612579916943976,0.9387420083056022,1,0.9149486872815412,0.0850513127184589,0,1.0,1.0,1.0,0.98,0.9802238805970149,0.9675373134328359,0.9509701492537314,0.924621212121212,0.002112031171996062,0.9997015377221975,0.039353088712004054,0.9915630102457259,0.12734787981485382,0.9649366035765813,0.23258791282241634,0.9241963932597933,0.3324185666939498,0.8774840166112046,0.4197323839794557,0.8298973745630823
-0.416582895494872,-0.7106202530221251,-1,1,0.8549006056521659,0.1450993943478341,0,0.7465129439614996,0.2534870560385004,0,0.3122057001239059,0.6877942998760941,1,0.6531735364822939,0.3468264635177061,0,0.3695574904879758,0.6304425095120242,1,0.6142332898508908,0.3857667101491092,0,1.0,0.935,0.87,0.805,0.9802238805970149,0.9099253731343286,0.8357462686567164,0.7675373134328357,0.5974394245397914,0.7098012113043317,0.8167583412468342,0.4930258879229992,0.8957031745306767,0.37558859975218817,0.9312018395482676,0.30634707296458785,0.950331716064001,0.26088501902404837,0.9620132478537805,0.22846657970178158
-2.146472601480986,2.3791007833980484,-1,1,0.994814284474265,0.005185715525735,0,0.9643388736822855,0.0356611263177144,0,0.0821800619461648,0.9178199380538352,1,0.8707070413889394,0.1292929586110605,0,0.1710965741137984,0.8289034258862015,1,0.7933888935006808,0.2066111064993193,0,1.0,1.0,0.995,0.985,0.9802238805970149,0.9675373134328359,0.9463432835820894,0.9286363636363635,0.04682799167636022,0.98962856894853,0.22203200451295155,0.9286777473645711,0.4098145741110895,0.8356398761076704,0.5554959280232992,0.7414140827778789,0.6602071390595892,0.6578068517724031,0.7349548592870605,0.5867777870013615
-2.175101544872832,-0.2101080496244125,-1,1,0.678199496240711,0.321800503759289,0,0.608176007487561,0.391823992512439,0,0.4182457962237076,0.5817542037762924,1,0.568857794980287,0.431142205019713,0,0.4389224653379204,0.5610775346620794,1,0.5556177399985929,0.4443822600014072,0,0.72,0.645,0.605,0.575,0.7138059701492535,0.6372388059701495,0.598863636363636,0.5722307692307694,0.9063287026183923,0.356398992481422,0.9659665527763842,0.21635201497512196,0.9806279104267516,0.16350840755258478,0.9862756477900145,0.13771558996057398,0.9892092220838119,0.12215506932415904,0.9910560296189544,0.1112354799971857
-1.4224764647120265,2.439208342115226,-1,1,0.9995910990789528,0.0004089009210471,0,0.9927796460932332,0.007220353906767,0,0.0266510657978758,0.973348934202124,1,0.944162582911007,0.055837417088993,0,0.0893342931817334,0.9106657068182666,1,0.876880307325591,0.1231196926744089,0,1.0,1.0,1.0,1.0,0.9802238805970149,0.9675373134328359,0.9509701492537314,0.9418939393939394,0.005192371549977265,0.9991821981579058,0.06174260951074179,0.9855592921864662,0.17730848064571092,0.9466978684042482,0.3106944372004613,0.8883251658220139,0.43424386252711966,0.8213314136365333,0.5382623345606251,0.753760614651182
-0.0703642408071547,1.2364240188512623,-1,1,0.9990034659952568,0.0009965340047431,0,0.98614992876752,0.0138500712324801,0,0.043323764168185,0.9566762358318148,1,0.9197037707127942,0.0802962292872058,0,0.1174304325427048,0.8825695674572952,1,0.8484038765576882,0.1515961234423116,0,1.0,1.0,1.0,0.995,0.9802238805970149,0.9675373134328359,0.9509701492537314,0.9374242424242424,0.01137321269205007,0.9980069319905137,0.10535223816713872,0.9722998575350399,0.2573292867029987,0.9133524716636299,0.40322211336543845,0.8394075414255884,0.5219293393674812,0.7651391349145904,0.6138202326132721,0.6968077531153767
-3.068636528691877,0.3072844733220614,-1,1,0.5961555690383401,0.4038444309616599,0,0.556156209247754,0.443843790752246,0,0.4565212549147638,0.5434787450852363,1,0.5380353659233104,0.4619646340766896,0,0.4650997727951789,0.534900227204821,1,0.5326393768366087,0.4673606231633913,0,0.59,0.54,0.515,0.54,0.5890298507462689,0.5403731343283583,0.5180985915492958,0.5399224806201551,0.9731550673779077,0.1923111380766802,0.9908816384236718,0.11231241849550799,0.994538559847431,0.0869574901704725,0.995821702475177,0.07607073184662078,0.9964826608700273,0.06980045440964211,0.9969239236313836,0.0652787536732174
-3.407822584169594,2.060864940906124,-1,1,0.9116151026849436,0.0883848973150565,0,0.8111393375406962,0.1888606624593038,0,0.2554765381019694,0.7445234618980305,1,0.7006274022515032,0.2993725977484967,0,0.3300010966515121,0.6699989033484879,1,0.6474763709701805,0.3525236290298194,0,1.0,0.985,0.955,0.925,0.9802238805970149,0.953955223880597,0.9123134328358208,0.8781818181818182,0.4310557145819991,0.8232302053698871,0.6990819604160542,0.6222786750813925,0.8198433999660524,0.48904692379606113,0.8805226148043573,0.4012548045030065,0.9149274932163632,0.33999780669697577,0.9363016987399582,0.29495274194036114
-0.1378706908136304,1.9437228314634607,-1,1,0.9998917279267432,0.0001082720732568,0,0.996647685487988,0.003352314512012,0,0.0162903024020776,0.9837096975979224,1,0.9601279486970704,0.0398720513029295,0,0.0701615771917932,0.9298384228082068,1,0.8971685578708315,0.1028314421291685,0,1.0,1.0,1.0,1.0,0.9802238805970149,0.9675373134328359,0.9509701492537314,0.9418939393939394,0.0015824686887663463,0.9997834558534864,0.03238637837368664,0.993295370975976,0.12007129913269522,0.9674193951958447,0.2417052412584279,0.9202558973941409,0.36652633621213865,0.8596768456164137,0.47790732769908645,0.794337115741663
-0.224814047296408,1.2578923208305692,-1,1,0.999349970810047,0.0006500291899529,0,0.9892398727433808,0.0107601272566192,0,0.0361506917702281,0.9638493082297718,1,0.9303779312346986,0.0696220687653014,0,0.1043224726552502,0.8956775273447497,1,0.8630094261707822,0.1369905738292176,0,1.0,1.0,1.0,1.0,0.9802238805970149,0.9675373134328359,0.9509701492537314,0.9418939393939394,0.00781948318188822,0.998699941620094,0.08579120810974863,0.9784797454867615,0.22435591880373573,0.9276986164595437,0.3645117003393553,0.8607558624693972,0.4825496347514263,0.7913550546894995,0.5763028059859331,0.7260188523415647
-1.314847757337215,0.3772834761378421,-1,1,0.973517572870315,0.0264824271296849,0,0.9013011418380454,0.0986988581619546,0,0.1649615687619526,0.8350384312380472,1,0.7858884143106348,0.2141115856893651,0,0.2502976326998464,0.7497023673001536,1,0.7222071167657343,0.2777928832342656,0,1.0,0.955,0.87,0.82,0.9802238805970149,0.926641791044776,0.8384328358208952,0.7838059701492538,0.1764323368237246,0.9470351457406302,0.46485744977511184,0.8026022836760909,0.646048165542341,0.6700768624760947,0.7492687286492892,0.5717768286212697,0.8117495204106916,0.4994047346003072,0.852426000873511,0.44441423353146875
-1.1114994460915368,3.5548539671076087,-1,1,0.996857783866068,0.0031422161339318,0,0.974382373884336,0.0256176261156641,0,0.0665504962743823,0.9334495037256176,1,0.8866099750354429,0.113390024964557,0,0.1579341896284468,0.8420658103715533,1,0.8029312063254708,0.1970687936745293,0,1.0,1.0,1.0,1.0,0.9802238805970149,0.9675373134328359,0.9509701492537314,0.9418939393939394,0.03065052072069068,0.9937155677321362,0.1719141345236025,0.9487647477686719,0.35291687656403803,0.8668990074512354,0.5100573698066726,0.773219950070886,0.6293444953678432,0.6841316207431065,0.7160268029381854,0.6058624126509414
0.6763648408094343,3.150191740948316,-1,1,0.9962612513347858,0.0037387486652141,0,0.9709887946594802,0.0290112053405198,0,0.0732968068968246,0.9267031931031754,1,0.8776077742820456,0.1223922257179543,0,0.1679392455357597,0.8320607544642403,1,0.7927670288864319,0.2072329711135681,0,1.0,1.0,1.0,1.0,0.9802238805970149,0.9675373134328359,0.9509701492537314,0.9418939393939394,0.035530164288258004,0.9925225026695718,0.18940860317468808,0.9419775893189604,0.3781079613982703,0.8534063862063508,0.5361983745869124,0.7552155485640913,0.6529688643548617,0.6641215089284807,0.7361602666603813,0.5855340577728638
-2.361869411378532,0.2721523527921938,-1,1,0.8212641907872255,0.1787358092127745,0,0.7167198811109597,0.2832801188890402,0,0.3346316769692759,0.6653683230307241,1,0.6364082852009435,0.3635917147990565,0,0.3822839765312623,0.6177160234687378,1,0.6044148111138069,0.3955851888861932,0,0.875,0.805,0.745,0.715,0.8632089552238806,0.7885820895522389,0.725,0.6914179104477612,0.6773036429146301,0.6425283815744509,0.8598817960548575,0.43343976222191954,0.919588709351905,0.3307366460614482,0.9456242509247821,0.272816570401887,0.9596391641430089,0.2354320469374755,0.968309441628884,0.2088296222276137
-1.0781347835993411,0.1974798749754109,-1,1,0.9671550681858851,0.032844931814115,0,0.8883302012638378,0.1116697987361622,0,0.1796511625537845,0.8203488374462155,1,0.7713791741808015,0.2286208258191984,0,0.2641172573697669,0.7358827426302331,1,0.7091621519052707,0.2908378480947294,0,1.0,0.995,0.935,0.86,0.9802238805970149,0.9630597014925372,0.8939552238805971,0.8214393939393939,0.20846428962727465,0.9343101363717702,0.5049321212827962,0.7766604025276755,0.6793133244993543,0.6406976748924309,0.7755993347611806,0.5427583483616031,0.832896029781617,0.47176548526046624,0.8698010921800203,0.41832430381054125
-2.5686430986328634,1.380181473720998,-1,1,0.9635909352898016,0.0364090647101983,0,0.8843396126364448,0.1156603873635552,0,0.1831762339973639,0.8168237660026361,1,0.7675705728587942,0.2324294271412059,0,0.2685979669286005,0.7314020330713994,1,0.7039469813409815,0.2960530186590184,0,1.0,0.995,0.945,0.9,0.9802238805970149,0.9630597014925372,0.9082575757575758,0.8559848484848485,0.22557837826718183,0.9271818705796032,0.51675677630816,0.7686792252728896,0.6869763811167604,0.6336475320052721,0.7822223597112623,0.5351411457175883,0.8394456050586253,0.4628040661427989,0.8764124913529329,0.40789396268196315
0.5652435906346278,-1.1670464207458884,-1,1,0.8166681565777797,0.1833318434222203,0,0.7134950072111893,0.2865049927888107,0,0.3396700626428537,0.6603299373571462,1,0.6293450844000625,0.3706549155999373,0,0.3908912899014206,0.6091087100985793,1,0.5947536699956849,0.405246330004315,0,0.99,0.955,0.905,0.855,0.970820895522388,0.9267910447761193,0.8685820895522389,0.8187878787878785,0.6873118816443672,0.6333363131555594,0.8641636177852267,0.4269900144223786,0.9245026276055357,0.32065987471429247,0.9511736272858949,0.25869016880012524,0.9653723211069708,0.21821742019715867,0.9739368930197131,0.18950733999136993
-1.914206860861048,3.979435200959404,-1,1,0.9878025727771896,0.0121974272228105,0,0.941038020709693,0.0589619792903069,0,0.1176538406545546,0.8823461593454455,1,0.8285262688040155,0.1714737311959844,0,0.2162540913589209,0.7837459086410791,1,0.747508356840213,0.2524916431597871,0,1.0,1.0,1.0,1.0,0.9802238805970149,0.9675373134328359,0.9509701492537314,0.9418939393939394,0.09503186042609046,0.9756051455543792,0.32331050884097345,0.8820760414193861,0.5225790882552827,0.7646923186908908,0.6610649737715582,0.6570525376080311,0.7532683562560418,0.5674918172821581,0.8152034535885843,0.4950167136804259
-0.7331746236813903,4.109867027421661,-1,1,0.993498215712215,0.006501784287785,0,0.9597946346057478,0.0402053653942522,0,0.0910910181159395,0.9089089818840604,1,0.8569572207477855,0.1430427792522146,0,0.189002052422378,0.810997947577622,1,0.7724782387038087,0.2275217612961913,0,1.0,1.0,1.0,1.0,0.9802238805970149,0.9675373134328359,0.9509701492537314,0.9418939393939394,0.05658466058690102,0.9869964314244299,0.24323299074694185,0.9195892692114955,0.4401010473063929,0.8178179637681209,0.5921524387635446,0.7139144414955709,0.6993791567287113,0.621995895155244,0.7736660978369962,0.5449564774076174
0.2939340888861941,1.3385715185459794,-1,1,0.9982308233740412,0.0017691766259585,0,0.98067645790981,0.01932354209019,0,0.0550094512517378,0.9449905487482622,1,0.9029144381642032,0.0970855618357967,0,0.1377054010619473,0.8622945989380526,1,0.8260186950975306,0.1739813049024694,0,1.0,1.0,1.0,0.995,0.9802238805970149,0.9675373134328359,0.9509701492537314,0.9371212121212121,0.01872518530476013,0.9964616467480827,0.13762539736141918,0.9613529158196199,0.3073071353159629,0.8899810974965243,0.4596883676848064,0.8058288763284065,0.578197773321569,0.7245891978761053,0.6667317813322681,0.6520373901950611
-2.523702725655271,3.478376559820279,-1,1,0.9819496534546568,0.0180503465453431,0,0.9251988214777456,0.0748011785222544,0,0.1377838049477885,0.8622161950522115,1,0.8083817313955037,0.1916182686044962,0,0.2347031439212729,0.7652968560787271,1,0.7311629798166037,0.2688370201833962,0,1.0,1.0,1.0,1.0,0.9802238805970149,0.9675373134328359,0.9509701492537314,0.9418939393939394,0.13034922498548523,0.9638993069093137,0.38359050613466633,0.8503976429554911,0.5784052393711486,0.724432390104423,0.7048445043275214,0.6167634627910075,0.7861202700373232,0.5305937121574542,0.8397908789133832,0.4623259596332075
-1.534746541633639,1.245690232014674,-1,1,0.9974105469179124,0.0025894530820876,0,0.975303930106818,0.0246960698931821,0,0.0629154415083562,0.9370845584916436,1,0.8971250804384834,0.1028749195615165,0,0.1387179406503111,0.8612820593496889,1,0.8305113595589336,0.1694886404410664,0,1.0,1.0,0.99,0.98,0.9802238805970149,0.9675373134328359,0.9430597014925375,0.9252272727272726,0.02598247485130288,0.9948210938358248,0.16705179409473891,0.950607860213636,0.33891103074015505,0.8741691169832875,0.47804318414069624,0.7942501608769669,0.5808713408279269,0.7225641186993779,0.6565336667058131,0.6610227191178673
-0.5176438155208085,1.020568645550894,-1,1,0.9987408141439515,0.0012591858560484,0,0.9837352327510834,0.0162647672489165,0,0.0478378370400787,0.9521621629599212,1,0.9151484163100492,0.0848515836899507,0,0.1204012922104619,0.8795987077895382,1,0.8477519606458609,0.1522480393541391,0,1.0,1.0,0.995,0.99,0.9802238805970149,0.9675373134328359,0.9464925373134326,0.9329545454545456,0.013945583322968646,0.9974816282879031,0.11992020003812512,0.967470465502167,0.27714025950835103,0.9043243259198425,0.4190474855429054,0.8302968326200985,0.5305132683840881,0.7591974155790763,0.6154375488398088,0.6955039212917218
-1.1982374000003897,0.8236787968131322,-1,1,0.9948418303231956,0.0051581696768042,0,0.9621251011340588,0.0378748988659412,0,0.0854017218477962,0.9145982781522036,1,0.8697878539595684,0.1302121460404316,0,0.1679084429492083,0.8320915570507917,1,0.8010618795575271,0.198938120442473,0,1.0,0.995,0.98,0.94,0.9802238805970149,0.9626119402985073,0.9336567164179103,0.8902272727272726,0.046618984825305756,0.9896836606463915,0.2324623662336312,0.9242502022681176,0.4209321992994111,0.8291965563044075,0.5580197094289152,0.7395757079191367,0.6528977440015801,0.6641831141015835,0.7197992453587577,0.6021237591150541
-1.2886545927446358,0.0752681827466179,-1,1,0.94228720681969,0.0577127931803098,0,0.8466932680029313,0.1533067319970687,0,0.2220851466031488,0.7779148533968512,1,0.7324037436644555,0.2675962563355444,0,0.2991915970148396,0.7008084029851603,1,0.6775778278730297,0.3224221721269703,0,0.99,0.95,0.88,0.825,0.9709701492537315,0.9220149253731346,0.8461940298507464,0.7855970149253733,0.31829784345347123,0.8845744136393803,0.6180539096063741,0.6933865360058626,0.7639566837802684,0.5558297067937024,0.8379942292957933,0.4648074873289111,0.8803004675734697,0.40161680597032073,0.9069960568174621,0.3551556557460594
-1.738809588031824,1.2110258499381314,-1,1,0.9945465084168786,0.0054534915831213,0,0.9615279751685416,0.0384720248314583,0,0.0858948109121777,0.9141051890878222,1,0.869270791346629,0.1307292086533711,0,0.1686581387439739,0.8313418612560262,1,0.7999611450774172,0.2000388549225827,0,1.0,0.99,0.98,0.955,0.9802238805970149,0.9579850746268659,0.9335074626865669,0.9024242424242424,0.048848876920585614,0.9890930168337574,0.2352420768655309,0.9230559503370833,0.4226167174162853,0.8282103781756446,0.5594346564387704,0.7385415826932579,0.6546259438154005,0.6626837225120523,0.7220057979235858,0.5999222901548346
0.2130704056318109,1.5674011418669722,-1,1,0.9991029907582426,0.0008970092417574,0,0.987322626081648,0.012677373918352,0,0.0411048197894421,0.958895180210558,1,0.921549478799542,0.078450521200458,0,0.1170793055134214,0.8829206944865786,1,0.8468491648750773,0.1531508351249225,0,1.0,1.0,1.0,1.0,0.9802238805970149,0.9675373134328359,0.9509701492537314,0.9418939393939394,0.010373586552868103,0.9982059815164852,0.09806090232079305,0.974645252163296,0.24733501635757937,0.9177903604211158,0.3966958346993478,0.8430989575990839,0.5209067346845981,0.7658413889731572,0.6176694234950575,0.6936983297501549
0.5340975596124737,0.8620362454318871,-1,1,0.992940020701909,0.0070599792980908,0,0.9552899219040368,0.0447100780959632,0,0.0979149742399553,0.9020850257600448,1,0.8514831769472733,0.1485168230527267,0,0.1913504307447384,0.8086495692552615,1,0.7734649795827894,0.2265350204172107,0,1.0,1.0,1.0,0.995,0.9802238805970149,0.9675373134328359,0.9509701492537314,0.9372727272727273,0.0606008194630518,0.9858800414038182,0.26348578825271707,0.9105798438080737,0.4623511569877034,0.8041700515200895,0.6061161742143519,0.7029663538945465,0.7042879240430768,0.6172991385105231,0.7719219901739703,0.5469299591655787
-0.4087546165072866,4.660474945324951,-1,1,0.9879674714533756,0.0120325285466243,0,0.9414581232207369,0.0585418767792632,0,0.1177957816288732,0.8822042183711267,1,0.8274155541518323,0.1725844458481676,0,0.2182458338470556,0.7817541661529445,1,0.74487747955424,0.2551225204457599,0,1.0,1.0,1.0,1.0,0.9802238805970149,0.9675373134328359,0.9509701492537314,0.9418939393939394,0.09398483783201733,0.9759349429067513,0.32162931322010535,0.8829162464414737,0.5229915418135068,0.7644084367422536,0.663582886081675,0.6548311083036648,0.7569514872756637,0.5635083323058889,0.8192966304957687,0.4897549591084801
-1.3037110199956392,-0.0073781353217377,-1,1,0.9280010813826916,0.0719989186173084,0,0.826688861931565,0.173311138068435,0,0.241126658628759,0.758873341371241,1,0.7154189646972433,0.2845810353027568,0,0.3142728954374392,0.6857271045625608,1,0.6640791469790278,0.3359208530209722,0,1.0,0.975,0.925,0.905,0.9802238805970149,0.9445522388059702,0.8847014925373133,0.8592424242424243,0.3733393328644263,0.8560021627653831,0.6652234975573853,0.65337772386313,0.7969088586148915,0.5177466827424819,0.8616179500595255,0.4308379293944865,0.898044364887655,0.3714542091251216,0.9208616484584223,0.3281582939580556
-0.843747054695904,1.3491550417322662,-1,1,0.9997972741122312,0.0002027258877687,0,0.9945475187557457,0.0054524812442542,0,0.0215874690453767,0.9784125309546232,1,0.9551826765581028,0.0448173234418971,0,0.0700621226079787,0.9299378773920212,1,0.905385470697794,0.094614529302206,0,1.0,1.0,1.0,0.99,0.9802238805970149,0.9675373134328359,0.9509701492537314,0.9331060606060607,0.002779520079491708,0.9995945482244625,0.048841288417712306,0.9890950375114914,0.15026328647774284,0.9568250619092465,0.263959325443167,0.9103653531162057,0.3661554375366007,0.8598757547840424,0.45168778074715954,0.8107709413955879
-1.334476905767942,2.3931937682181736,-1,1,0.9997549452650524,0.0002450547349476,0,0.9947901579585132,0.0052098420414868,0,0.0210729347843432,0.9789270652156568,1,0.9532717572463782,0.0467282427536216,0,0.0777253838501069,0.922274616149893,1,0.889845095037533,0.110154904962467,0,1.0,1.0,1.0,1.0,0.9802238805970149,0.9675373134328359,0.9509701492537314,0.9418939393939394,0.0032928314978680566,0.9995098905301047,0.047010879640325874,0.9895803159170264,0.14742311518310405,0.9578541304313135,0.27233273587886514,0.9065435144927566,0.3941132853080255,0.8445492322997862,0.5003830215491807,0.7796901900750659
-0.5062412309138081,1.664619142587561,-1,1,0.9999773179623096,2.2682037690547888e-05,0,0.9985664018550364,0.0014335981449634,0,0.008603698546096,0.991396301453904,1,0.977009509287964,0.0229904907120359,0,0.0427740893626524,0.9572259106373476,1,0.9342850628234526,0.0657149371765474,0,1.0,1.0,1.0,0.995,0.9802238805970149,0.9675373134328359,0.9509701492537314,0.9377272727272727,0.0003826634131681842,0.9999546359246191,0.015608735661341844,0.9971328037100731,0.07138745259582226,0.982792602907808,0.1579171116566464,0.9540190185759282,0.25486981858166463,0.9144518212746953,0.3497252154339509,0.8685701256469052
-1.033039230761443,0.4987954917255024,-1,1,0.9872910426301138,0.012708957369886,0,0.9354118653035168,0.0645881346964831,0,0.1238354628528378,0.8761645371471622,1,0.8270369170822442,0.1729630829177558,0,0.2113762717619342,0.7886237282380658,1,0.7583983280317061,0.2416016719682938,0,1.0,0.99,0.985,0.94,0.9802238805970149,0.9587313432835823,0.9375373134328358,0.8909848484848484,0.09825928982563845,0.9745820852602278,0.3453950494788169,0.8708237306070338,0.5402862061549099,0.7523290742943245,0.6644383779407267,0.6540738341644885,0.7441052102743839,0.5772474564761316,0.7976936738638419,0.5167966560634123
-1.309345139940156,1.2396520453280244,-1,1,0.9987249080572892,0.001275091942711,0,0.9837659504594014,0.0162340495405985,0,0.0467667342178179,0.953233265782182,1,0.918319313038648,0.0816806869613519,0,0.1146677961217599,0.8853322038782401,1,0.8560733630233273,0.1439266369766726,0,1.0,1.0,0.99,0.975,0.9802238805970149,0.9675373134328359,0.9417164179104478,0.9199999999999999,0.014098637889444541,0.9974498161145782,0.11973835631280355,0.9675319009188029,0.27250016981061215,0.9064665315643642,0.40807368526259197,0.8366386260772961,0.5138368474548862,0.7706644077564802,0.5944306564965157,0.7121467260466546
-1.6703557126202586,-0.6916505353793188,-1,1,0.6128461129833237,0.3871538870166762,0,0.5645665062426626,0.4354334937573375,0,0.4509100856732694,0.5490899143267306,1,0.5425783956473863,0.4574216043526137,0,0.4610266685336333,0.5389733314663666,1,0.5364661132266931,0.4635338867733068,0,0.67,0.61,0.575,0.555,0.6647014925373137,0.6060447761194029,0.5720454545454547,0.5501515151515152,0.9629382686546756,0.2256922259666475,0.987937633040634,0.1291330124853251,0.9930355161227654,0.0981798286534612,0.9947626786140847,0.0851567912947726,0.995612872881298,0.07794666293273333,0.996159664672782,0.07293222645338632
-0.573984573357543,-0.8280257804484972,-1,1,0.8078811851184494,0.1921188148815507,0,0.7047378621923943,0.2952621378076057,0,0.345816215699225,0.6541837843007748,1,0.6256520345039523,0.3743479654960476,0,0.3927044234747837,0.6072955765252163,1,0.5943140392937887,0.4056859607062114,0,0.965,0.87,0.79,0.745,0.9478358208955227,0.8490298507462685,0.7669402985074628,0.7173880597014926,0.7058828736590689,0.6157623702368987,0.8754220316592026,0.40947572438478863,0.9302759770407361,0.30836756860154985,0.9539521671205291,0.25130406900790475,0.9665226494661405,0.21459115305043258,0.9741796472196262,0.1886280785875773
-1.9040004820543923,0.9355811475040814,-1,1,0.9826032206639288,0.0173967793360711,0,0.9233960624890404,0.0766039375109597,0,0.1383033186862991,0.8616966813137008,1,0.8126150529111397,0.1873849470888603,0,0.225011949689356,0.774988050310644,1,0.7456827573105012,0.2543172426894988,0,1.0,0.98,0.94,0.91,0.9802238805970149,0.9502238805970147,0.8982835820895521,0.8644696969696969,0.1265634563666994,0.9652064413278577,0.3900984247955041,0.8467921249780807,0.5797780503653609,0.7233933626274017,0.6959688056220825,0.6252301058222793,0.7692141499072956,0.549976100621288,0.8180493585408132,0.49136551462100236
-0.8422790879676341,3.64277633377014,-1,1,0.996828803873988,0.0031711961260122,0,0.974224639419108,0.0257753605808919,0,0.0670063667694771,0.9329936332305228,1,0.8857708289625204,0.1142291710374797,0,0.1591074644173217,0.8408925355826784,1,0.8015252671083797,0.1984747328916203,0,1.0,1.0,1.0,1.0,0.9802238805970149,0.9675373134328359,0.9509701492537314,0.9418939393939394,0.030891136031430493,0.9936576077479757,0.17274140922434342,0.9484492788382161,0.35465135818404536,0.8659872664610456,0.5125420793859056,0.7715416579250407,0.6321700441651015,0.6817850711653567,0.718867052015229,0.6030505342167594
-0.4608967900083313,1.5626802739454355,-1,1,0.9999374230188663,6.257698113358648e-05,0,0.9973647679412504,0.0026352320587496,0,0.0132625388923485,0.9867374611076516,1,0.9679415302667572,0.0320584697332427,0,0.055732095498421,0.9442679045015788,1,0.9185997788701654,0.0814002211298346,0,1.0,1.0,1.0,0.995,0.9802238805970149,0.9675373134328359,0.9509701492537314,0.9378787878787879,0.0009641021637308033,0.9998748460377328,0.026375106709293814,0.9947295358825008,0.10171816633412548,0.9734749222153031,0.20461219603304684,0.9358830605335146,0.31026460155428714,0.8885358090031579,0.4070938417032805,0.8371995577403308
-1.8207042334450887,2.595315094738382,-1,1,0.9978160684108212,0.0021839315891788,0,0.9792565860014738,0.0207434139985261,0,0.0564530307376195,0.9435469692623804,1,0.9017471092435692,0.0982528907564308,0,0.1388613162403289,0.861138683759671,1,0.824612447752589,0.175387552247411,0,1.0,1.0,1.0,1.0,0.9802238805970149,0.9675373134328359,0.9509701492537314,0.9418939393939394,0.022450762438557235,0.9956321368216423,0.14559449886517353,0.9585131720029477,0.31320080776033477,0.8870939385247608,0.46343279570884477,0.8034942184871383,0.581248915568767,0.722277367519342,0.6698820546231085,0.649224895505178
-3.506005952176785,1.4575092253868864,-1,1,0.8283663885516116,0.1716336114483883,0,0.7265176730192408,0.2734823269807592,0,0.3272567231848006,0.6727432768151994,1,0.6406636306664498,0.3593363693335502,0,0.3806943181757055,0.6193056818242945,1,0.6039383970587987,0.3960616029412013,0,0.985,0.94,0.84,0.8,0.9657462686567164,0.9120149253731342,0.8088805970149255,0.7652985074626866,0.6614281814606318,0.6567327771032233,0.8464172945347646,0.45303534603848156,0.9120989931750078,0.3454865536303988,0.9421309468133902,0.28132726133289965,0.9585309218335318,0.23861136364858898,0.9686001082660244,0.2078767941175974
1.120977994685094,2.532322586411157,-1,1,0.994998268699116,0.0050017313008838,0,0.964922354999755,0.0350776450002451,0,0.0835176799658007,0.9164823200341992,1,0.8657370427017377,0.1342629572982623,0,0.179725251010788,0.8202747489892119,1,0.7818520096216942,0.2181479903783058,0,1.0,1.0,1.0,1.0,0.9802238805970149,0.9675373134328359,0.9509701492537314,0.9418939393939394,0.04542791319130688,0.9899965373982322,0.21924913712411306,0.9298447099995099,0.41445426417365805,0.8329646400683984,0.56901451588588,0.7314740854034754,0.6794756283524154,0.6405494979784239,0.7567713403653474,0.5637040192433884
-1.986698158120658,2.465359332603386,-1,1,0.9966999349368248,0.0033000650631751,0,0.973065812446597,0.0269341875534029,0,0.0676376128649551,0.9323623871350448,1,0.8879873947243334,0.1120126052756666,0,0.1532314656163955,0.8467685343836043,1,0.8107189541659345,0.1892810458340655,0,1.0,1.0,1.0,0.995,0.9802238805970149,0.9675373134328359,0.9509701492537314,0.9372727272727273,0.03195651578613291,0.9933998698736497,0.17877585711148083,0.946131624893194,0.3570451914918209,0.8647247742700898,0.5059568956440896,0.7759747894486668,0.6178683150029389,0.6935370687672089,0.6999650384001066,0.6214379083318691
0.8585713083823643,3.5463584149160288,-1,1,0.9934630445468792,0.0065369554531206,0,0.9592166657261976,0.0407833342738023,0,0.0924864866625762,0.9075135133374238,1,0.855029729747061,0.1449702702529389,0,0.1911173677088727,0.8088826322911272,1,0.7703885912278692,0.2296114087721308,0,1.0,1.0,1.0,1.0,0.9802238805970149,0.9675373134328359,0.9509701492537314,0.9418939393939394,0.05683970841619611,0.9869260890937586,0.24587229199173977,0.9184333314523953,0.44471537668527045,0.8150270266748476,0.5971089357750958,0.7100594594941221,0.703803063356257,0.6177652645822546,0.77733328646652,0.5407771824557384
-0.512680697867856,2.085599500772427,-1,1,0.9999954150387296,4.584961270456985e-06,0,0.9995798850972832,0.0004201149027169,0,0.0038960023686885,0.9961039976313116,1,0.9855293111339668,0.0144706888660332,0,0.0335820881868151,0.9664179118131848,1,0.9406578366850932,0.0593421633149067,0,1.0,1.0,1.0,1.0,0.9802238805970149,0.9675373134328359,0.9509701492537314,0.9418939393939394,8.79274075987584e-05,0.9999908300774591,0.0053183691410376675,0.9991597701945664,0.03679256357896612,0.9922079952626232,0.1091513716834076,0.9710586222679336,0.21204936471818758,0.9328358236263697,0.32482799947428476,0.8813156733701865
-0.7250610463931519,2.5082392643654097,-1,1,0.999937661262726,6.233873727419642e-05,0,0.9979226871416332,0.0020773128583667,0,0.0114383952661424,0.9885616047338576,1,0.9686920239515898,0.0313079760484101,0,0.0597548667877306,0.9402451332122692,1,0.9075006989192664,0.0924993010807336,0,1.0,1.0,1.0,1.0,0.9802238805970149,0.9675373134328359,0.9509701492537314,0.9418939393939394,0.0009607746908151856,0.9998753225254517,0.021504885528568312,0.9958453742832666,0.09018469909105947,0.9771232094677151,0.20090946899252027,0.9373840479031798,0.3264710623650216,0.8804902664245386,0.4447575937154983,0.8150013978385329
-1.4962854117867457,1.5199774645965858,-1,1,0.99907405316174,0.0009259468382598,0,0.9869183423756908,0.0130816576243092,0,0.0399529375435354,0.9600470624564648,1,0.9275032076354522,0.0724967923645477,0,0.1045330949421146,0.8954669050578854,1,0.8661910568521913,0.1338089431478085,0,1.0,1.0,0.99,0.97,0.9802238805970149,0.9675373134328359,0.9420149253731345,0.9170454545454545,0.01066580562200882,0.9981481063234803,0.10059177295908149,0.9738366847513815,0.24207636785917394,0.9200941249129294,0.37517286027909436,0.8550064152709045,0.48320262795618524,0.7909338101157708,0.5677924515343615,0.7323821137043829
